2
3
7
8
10
12
14
15
17
18
19
21
22
23
26
27
28
29
31
32
33
34
35
36
39
40
41
42
43
44
46
49
50
51
52
53
54
55
56
57
58
60
61
62
63
64
65
66
67
68
70
72
73
75
78
79
80
81
82
85
87
89
90
91
93
94
96
97
102
111
113
114
115
116
117
119
120
123
124
125
126
130
135
138
140
141
142
143
144
145
146
147
149
152
153
155
156
157
159
161
164
167
168
171
173
179
180
182
184
185
186
187
188
189
190
191
193
196
197
198
199
200
201
207
209
211
212
213
214
215
216
218
219
222
223
224
225
229
230
231
232
233
234
235
236
240
241
247
249
250
251
252
253
254
255
257
258
261
262
263
265
266
267
269
275
277
279
280
283
284
285
286
287
289
290
292
294
295
297
298
299
300
301
302
303
304
306
309
312
313
315
316
318
319
320
321
322
324
326
327
330
333
335
336
337
339
341
342
343
344
345
346
347
348
351
352
354
355
358
359
360
362
366
368
369
370
371
373
375
377
378
379
384
385
389
390
391
392
395
399
400
403
404
405
407
408
410
411
412
413
415
416
421
422
423
426
428
431
433
434
436
437
438
440
441
443
445
448
449
454
456
458
459
461
463
465
466
468
471
472
475
478
479
481
482
484
486
489
491
492
494
496
497
499
500
503
505
507
510
512
517
518
522
523
524
527
528
532
533
534
537
538
539
540
541
542
543
545
546
547
548
549
550
553
555
557
559
560
562
563
566
567
568
569
570
571
574
575
576
577
578
579
581
584
585
586
587
588
589
590
591
592
593
594
595
596
599
601
602
603
604
605
606
607
608
609
612
614
615
617
619
620
622
623
626
628
629
630
631
633
634
635
636
637
640
641
642
643
646
647
648
649
650
652
653
655
656
657
658
659
660
662
664
665
666
667
668
669
670
671
672
673
675
676
677
678
679
680
682
683
684
685
686
687
688
689
691
693
694
695
696
697
698
700
701
702
704
707
708
709
710
712
713
714
715
716
719
722
723
724
725
727
728
729
730
733
734
735
736
738
740
741
742
743
744
745
746
755
756
757
758
761
763
766
768
771
772
774
775
777
779
780
784
785
786
788
789
790
792
793
794
797
798
799
801
803
804
806
807
808
810
811
812
813
814
815
816
819
820
821
824
825
827
828
829
832
833
836
838
839
843
844
845
846
847
848
849
850
852
854
855
856
858
860
861
862
863
864
865
866
868
870
871
872
875
876
878
879
881
884
885
886
887
888
891
892
895
897
901
902
903
906
907
909
910
911
915
916
917
918
924
925
926
927
931
932
944
945
951
952
956
957
959
961
962
963
964
965
967
969
970
971
972
973
974
976
979
980
982
983
985
986
990
992
994
1005
1007
1008
1009
1010
1012
1014
1015
1017
1018
1019
1020
1021
1023
1024
1025
1027
1028
1030
1031
1034
1035
1036
1039
1045
1046
1047
1048
1051
1052
1053
1055
1056
1057
1058
1059
1060
1061
1062
1063
1064
1066
1068
1070
1072
1073
1075
1078
1079
1080
1081
1082
1083
1087
1089
1090
1094
1099
1101
1103
1107
1108
1109
1110
1113
1114
1117
1118
1119
1120
1123
1125
1126
1128
1129
1130
1131
1132
1135
1136
1138
1139
1141
1144
1145
1149
1151
1152
1153
1154
1155
1156
1158
1159
1161
1162
1163
1165
1167
1168
1169
1170
1171
1174
1176
1185
1186
1187
1188
1189
1190
1191
1192
1194
1196
1197
1198
1199
1200
1202
1203
1205
1207
1208
1209
1210
1211
1212
1213
1216
1219
1220
1221
1222
1223
1224
1231
1233
1234
1235
1238
1239
1240
1241
1242
1243
1244
1245
1246
1247
1250
1253
1254
1255
1257
1259
1261
1262
1266
1267
1270
1272
1273
1274
1275
1276
1277
1278
1282
1283
1287
1288
1291
1292
1296
1298
1301
1302
1303
1306
1310
1312
1313
1314
1315
1317
1318
1321
1322
1323
1324
1325
1327
1328
1329
1330
1331
1333
1336
1337
1340
1341
1344
1349
1353
1355
1357
1358
1360
1365
1366
1368
1369
1372
1373
1374
1375
1379
1381
1382
1383
1384
1385
1386
1387
1388
1389
1390
1391
1392
1394
1397
1398
1400
1401
1405
1406
1408
1410
1411
1414
1415
1416
1417
1418
1419
1421
1422
1423
1424
1425
1427
1430
1431
1432
1433
1439
1441
1442
1443
1444
1445
1447
1448
1451
1452
1453
1459
1460
1461
1463
1464
1465
1466
1467
1468
1469
1470
1471
1472
1473
1476
1477
1478
1480
1481
1482
1484
1486
1488
1489
1490
1491
1492
1493
1494
1496
1497
1499
1500
1501
1502
1511
1513
1514
1515
1516
1518
1519
1520
1522
1523
1524
1527
1528
1534
1537
1538
1539
1541
1543
1545
1546
1547
1548
1549
1550
1551
1553
1554
1555
1557
1558
1561
1562
1563
1564
1566
1570
1573
1576
1577
1578
1579
1580
1581
1583
1584
1585
1586
1587
1589
1590
1591
1592
1594
1595
1596
1599
1606
1612
1616
1618
1619
1621
1622
1623
1624
1625
1627
1628
1629
1630
1631
1633
1635
1636
1637
1640
1641
1642
1643
1645
1647
1648
1649
1651
1656
1657
1658
1659
1662
1667
1668
1669
1670
1673
1675
1677
1678
1679
1681
1682
1683
1684
1686
1687
1688
1689
1690
1691
1692
1693
1695
1696
1699
1700
1704
1705
1706
1707
1709
1710
1716
1717
1718
1719
1721
1723
1725
1727
1728
1729
1730
1731
1732
1733
1734
1736
1738
1740
1741
1742
1744
1745
1746
1750
1752
1753
1754
1757
1759
1763
1764
1765
1771
1774
1775
1776
1777
1779
1780
1781
1782
1784
1785
1788
1789
1790
1791
1792
1794
1797
1801
1803
1805
1807
1810
1811
1812
1813
1815
1816
1817
1823
1824
1825
1826
1827
1828
1830
1831
1832
1837
1839
1840
1842
1843
1845
1846
1849
1851
1853
1856
1858
1859
1861
1862
1863
1867
1868
1869
1871
1875
1879
1880
1881
1883
1884
1885
1889
1890
1893
1898
1899
1904
1909
1913
1914
1922
1924
1925
1926
1929
1931
1932
1933
1935
1936
1937
1938
1939
1940
1941
1942
1943
1945
1947
1948
1950
1951
1952
1953
1955
1957
1958
1960
1961
1963
1964
1966
1967
1971
1974
1977
1978
1979
1980
1981
1982
1986
1987
1989
1992
1993
1994
1995
1996
1997
2000
2003
2005
2007
2009
2010
2011
2012
2013
2017
2018
2021
2022
2023
2024
2025
2026
2027
2028
2030
2033
2035
2046
2051
2052
2053
2055
2056
2057
2058
2059
2061
2072
2075
2076
2083
2084
2085
2086
2087
2088
2089
2090
2091
2093
2095
2096
2097
2099
2100
2101
2102
2106
2109
2110
2112
2115
2118
2122
2123
2125
2129
2131
2133
2134
2136
2137
2138
2139
2142
2143
2144
2145
2146
2147
2149
2150
2151
2154
2156
2157
2159
2160
2161
2162
2163
2164
2165
2166
2167
2168
2169
2170
2171
2172
2173
2175
2177
2189
2196
2198
2208
2214
2215
2216
2217
2218
2221
2223
2225
2227
2230
2231
2232
2235
2236
2237
2239
2242
2244
2245
2246
2247
2255
2259
2260
2261
2262
2264
2265
2266
2267
2275
2276
2277
2278
2279
2280
2283
2286
2287
2288
2290
2292
2293
2294
2296
2297
2301
2302
2303
2305
2306
2307
2308
2310
2311
2312
2313
2314
2316
2317
2332
2336
2338
2340
2341
2342
2344
2346
2347
2351
2355
2356
2357
2360
2363
2364
2365
2367
2368
2371
2372
2373
2375
2376
2377
2378
2379
2383
2384
2388
2392
2393
2397
2398
2399
2402
2404
2405
2406
2407
2409
2411
2412
2414
2415
2421
2422
2423
2424
2425
2426
2428
2429
2432
2436
2437
2438
2440
2443
2444
2445
2446
2447
2449
2451
2456
2458
2460
2462
2463
2464
2465
2466
2467
2469
2470
2472
2475
2478
2480
2481
2482
2485
2488
2490
2491
2492
2494
2497
2498
2500
2501
2503
2511
2512
2514
2517
2518
2521
2522
2523
2525
2526
2532
2534
2536
2537
2539
2541
2544
2545
2547
2548
2549
2550
2552
2555
2556
2561
2565
2568
2570
2571
2572
2574
2576
2577
2579
2581
2582
2583
2584
2587
2588
2590
2591
2595
2597
2607
2611
2616
2628
2630
2631
2633
2635
2636
2638
2639
2640
2644
2647
2648
2649
2650
2651
2653
2655
2656
2661
2662
2663
2664
2667
2669
2672
2676
2677
2681
2682
2683
2684
2685
2686
2687
2688
2689
2690
2691
2695
2699
2700
2701
2702
2703
2704
2705
2706
2707
2708
2710
2715
2716
2717
2718
2724
2726
2727
2728
2729
2730
2731
2732
2733
2735
2736
2738
2739
2740
2742
2743
2744
2748
2749
2754
2755
2756
2759
2761
2762
2763
2765
2767
2768
2769
2770
2771
2773
2775
2777
2778
2780
2781
2782
2783
2788
2789
2791
2792
2794
2796
2799
2800
2801
2802
2803
2804
2805
2810
2812
2814
2815
2816
2817
2819
2820
2822
2827
2829
2830
2832
2833
2836
2837
2839
2840
2842
2843
2844
2845
2846
2848
2849
2850
2851
2853
2854
2855
2857
2859
2860
2863
2864
2867
2868
2869
2870
2872
2873
2874
2875
2876
2877
2878
2881
2884
2885
2887
2888
2889
2891
2892
2893
2894
2899
2900
2901
2902
2903
2904
2905
2907
2909
2911
2912
2913
2915
2916
2917
2918
2919
2920
2923
2933
2934
2936
2939
2940
2941
2942
2944
2945
2946
2947
2950
2951
2952
2953
2955
2957
2959
2960
2961
2964
2966
2968
2969
2971
2977
2978
2987
2989
2990
2992
2995
2996
2997
2998
2999
3002
3005
3006
3007
3009
3011
3012
3014
3015
3016
3017
3018
3023
3024
3025
3030
3037
3038
3039
3042
3044
3045
3046
3047
3048
3050
3052
3053
3056
3061
3062
3064
3065
3066
3069
3070
3071
3076
3078
3079
3080
3081
3083
3084
3085
3086
3091
3094
3097
3098
3100
3104
3105
3106
3107
3109
3110
3112
3113
3114
3115
3117
3118
3119
3123
3125
3126
3129
3130
3132
3134
3135
3136
3137
3138
3144
3145
3146
3147
3148
3149
3150
3151
3152
3153
3154
3155
3156
3157
3158
3159
3161
3163
3165
3166
3167
3169
3173
3174
3175
3178
3179
3181
3183
3185
3186
3187
3188
3189
3191
3192
3195
3196
3197
3198
3200
3201
3203
3206
3210
3213
3215
3217
3219
3225
3230
3231
3232
3234
3235
3236
3237
3242
3243
3245
3246
3247
3248
3250
3251
3252
3256
3257
3258
3259
3261
3263
3264
3266
3267
3268
3269
3270
3272
3273
3275
3277
3278
3279
3280
3283
3284
3288
3289
3290
3297
3299
3300
3301
3302
3306
3308
3309
3310
3319
3320
3323
3325
3327
3332
3333
3334
3336
3337
3339
3342
3343
3345
3346
3347
3349
3351
3352
3354
3355
3356
3358
3359
3360
3363
3365
3366
3367
3369
3370
3371
3372
3373
3374
3375
3376
3379
3380
3381
3382
3383
3385
3387
3388
3389
3390
3391
3392
3393
3394
3396
3397
3398
3399
3400
3402
3403
3404
3405
3408
3411
3412
3413
3414
3415
3416
3417
3419
3421
3423
3424
3425
3426
3429
3431
3433
3434
3436
3437
3439
3442
3443
3445
3452
3456
3458
3459
3460
3461
3462
3463
3464
3465
3467
3468
3470
3472
3473
3474
3478
3479
3481
3482
3483
3484
3485
3486
3487
3489
3491
3492
3493
3494
3495
3497
3499
3500
3501
3504
3505
3506
3507
3508
3509
3512
3514
3515
3517
3518
3519
3520
3521
3524
3526
3528
3531
3533
3535
3536
3537
3538
3539
3540
3542
3543
3545
3546
3548
3549
3550
3551
3552
3553
3554
3556
3558
3559
3560
3561
3565
3566
3568
3569
3571
3572
3573
3575
3576
3577
3579
3582
3583
3586
3587
3590
3591
3592
3593
3594
3595
3596
3598
3603
3604
3605
3606
3608
3609
3611
3612
3613
3615
3618
3619
3621
3627
3629
3632
3634
3635
3643
3645
3647
3648
3649
3654
3655
3656
3661
3662
3664
3665
3666
3667
3669
3673
3674
3679
3680
3681
3682
3683
3684
3685
3687
3688
3689
3690
3691
3692
3693
3696
3697
3698
3699
3700
3701
3703
3705
3706
3708
3709
3710
3711
3714
3715
3719
3720
3722
3723
3724
3725
3726
3727
3730
3731
3733
3736
3737
3738
3739
3740
3741
3742
3743
3744
3745
3746
3747
3749
3750
3752
3753
3757
3758
3759
3760
3761
3765
3766
3768
3769
3772
3774
3775
3777
3778
3779
3780
3781
3782
3783
3785
3786
3787
3788
3789
3792
3794
3796
3797
3798
3799
3800
3803
3804
3805
3806
3807
3808
3810
3812
3813
3814
3815
3818
3821
3822
3824
3828
3829
3831
3832
3834
3835
3837
3838
3841
3842
3843
3844
3845
3846
3849
3850
3852
3853
3854
3858
3860
3864
3865
3867
3868
3869
3870
3871
3872
3873
3874
3875
3876
3877
3878
3879
3880
3882
3883
3885
3886
3887
3889
3890
3891
3892
3894
3895
3897
3898
3899
3900
3901
3902
3903
3904
3905
3906
3912
3913
3914
3915
3917
3918
3921
3922
3923
3924
3925
3926
3928
3929
3931
3932
3933
3934
3935
3938
3939
3940
3941
3942
3943
3944
3945
3947
3950
3951
3953
3954
3955
3957
3958
3959
3960
3961
3962
3963
3964
3967
3970
3971
3972
3974
3975
3976
3977
3978
3981
3982
3983
3984
3986
3989
3990
3991
3994
3996
3997
3998
3999
4000
4001
4002
4004
4005
4007
4008
4011
4013
4016
4018
4019
4020
4023
4027
4028
4029
4030
4031
4032
4033
4034
4035
4036
4041
4042
4043
4044
4046
4049
4050
4051
4052
4053
4054
4057
4058
4063
4065
4068
4069
4072
4076
4077
4079
4080
4081
4082
4083
4084
4087
4089
4094
4096
4098
4100
4104
4107
4108
4109
4110
4112
4113
4114
4115
4117
4123
4124
4127
4129
4130
4131
4132
4136
4138
4139
4140
4141
4144
4146
4148
4149
4154
4155
4157
4161
4162
4166
4167
4168
4169
4172
4173
4176
4179
4180
4182
4183
4185
4186
4187
4188
4189
4192
4193
4194
4195
4196
4197
4198
4199
4200
4202
4204
4207
4211
4216
4219
4220
4222
4223
4225
4226
4227
4228
4229
4230
4232
4234
4235
4236
4237
4238
4240
4243
4244
4245
4246
4248
4250
4251
4253
4255
4256
4261
4264
4270
4275
4281
4284
4286
4288
4291
4292
4295
4296
4298
4300
4301
4302
4303
4305
4306
4310
4311
4314
4316
4317
4318
4324
4325
4328
4330
4331
4332
4333
4334
4336
4338
4340
4341
4344
4346
4347
4348
4350
4352
4353
4354
4355
4356
4357
4358
4359
4361
4363
4364
4366
4367
4368
4369
4370
4372
4373
4377
4379
4380
4381
4382
4384
4385
4386
4387
4388
4389
4390
4392
4395
4397
4399
4400
4402
4406
4407
4410
4412
4413
4414
4415
4416
4418
4421
4422
4425
4426
4430
4431
4432
4433
4434
4435
4437
4438
4441
4442
4445
4447
4448
4450
4451
4455
4457
4461
4462
4463
4464
4465
4467
4468
4469
4470
4472
4473
4475
4477
4478
4479
4482
4486
4488
4489
4491
4494
4495
4497
4498
4499
4500
4502
4503
4506
4507
4509
4511
4514
4523
4529
4531
4532
4533
4534
4535
4536
4537
4538
4539
4540
4541
4542
4544
4545
4546
4549
4551
4559
4561
4562
4563
4566
4567
4569
4570
4571
4573
4576
4577
4578
4579
4580
4581
4583
4584
4587
4588
4589
4590
4591
4593
4594
4599
4601
4602
4603
4604
4605
4606
4607
4608
4610
4612
4613
4614
4615
4616
4618
4619
4620
4625
4626
4627
4629
4630
4633
4634
4636
4637
4638
4639
4640
4641
4643
4644
4646
4647
4648
4651
4652
4653
4654
4655
4656
4657
4658
4659
4660
4661
4662
4663
4664
4666
4667
4668
4669
4671
4672
4674
4675
4676
4678
4679
4681
4683
4684
4687
4688
4689
4690
4692
4694
4695
4697
4698
4701
4702
4703
4705
4706
4708
4709
4710
4711
4714
4716
4717
4719
4721
4722
4723
4724
4725
4727
4728
4730
4731
4732
4733
4734
4735
4736
4737
4738
4740
4741
4742
4743
4744
4745
4747
4748
4749
4751
4757
4759
4763
4767
4768
4769
4770
4771
4773
4774
4776
4777
4781
4783
4785
4786
4790
4791
4792
4794
4796
4797
4798
4799
4801
4803
4804
4805
4807
4809
4813
4814
4817
4818
4819
4821
4822
4823
4824
4826
4831
4832
4833
4834
4835
4837
4838
4839
4840
4841
4846
4848
4850
4854
4855
4857
4860
4861
4862
4864
4865
4870
4872
4876
4878
4879
4880
4883
4884
4885
4888
4889
4890
4891
4892
4893
4894
4895
4896
4897
4899
4900
4901
4902
4903
4904
4905
4906
4909
4910
4911
4912
4913
4915
4917
4918
4919
4922
4925
4926
4927
4928
4931
4932
4933
4934
4935
4937
4938
4940
4942
4944
4945
4946
4947
4948
4949
4950
4951
4952
4954
4956
4958
4961
4962
4964
4967
4970
4971
4975
4976
4978
4979
4980
4982
4984
4986
4987
4988
4989
4992
4993
4994
4995
4997
4999
5000
5001
5002
5004
5009
5010
5011
5014
5015
5016
5017
5018
5021
5022
5026
5027
5028
5029
5031
5032
5036
5038
5039
5040
5041
5042
5043
5045
5046
5050
5051
5052
5053
5054
5057
5058
5059
5060
5061
5064
5066
5068
5069
5070
5071
5072
5073
5074
5076
5080
5082
5083
5084
5085
5086
5087
5088
5089
5090
5095
5099
5103
5105
5106
5108
5109
5111
5115
5120
5121
5125
5129
5130
5131
5133
5134
5136
5137
5140
5141
5142
5143
5144
5146
5148
5150
5151
5152
5153
5155
5156
5158
5159
5160
5163
5164
5165
5167
5168
5170
5171
5172
5174
5175
5177
5178
5179
5180
5181
5183
5184
5185
5187
5189
5190
5191
5193
5195
5197
5198
5199
5200
5201
5203
5205
5206
5208
5209
5211
5213
5215
5216
5218
5220
5222
5223
5224
5225
5226
5227
5228
5229
5230
5231
5232
5233
5234
5235
5238
5241
5242
5243
5244
5245
5246
5248
5249
5251
5252
5253
5254
5255
5256
5258
5259
5260
5263
5266
5267
5268
5269
5273
5274
5275
5276
5277
5279
5282
5284
5285
5286
5288
5290
5291
5292
5294
5295
5296
5297
5298
5299
5300
5301
5305
5306
5307
5308
5309
5311
5312
5313
5314
5315
5318
5319
5320
5322
5323
5325
5326
5327
5328
5331
5332
5333
5334
5335
5337
5338
5340
5342
5343
5345
5347
5348
5349
5350
5352
5353
5355
5356
5357
5358
5360
5361
5364
5367
5368
5369
5372
5374
5376
5377
5378
5379
5382
5385
5387
5389
5391
5394
5395
5396
5397
5398
5403
5404
5405
5408
5410
5411
5412
5414
5415
5419
5420
5424
5425
5426
5429
5433
5475
5476
5485
5486
5488
5490
5492
5493
5494
5495
5497
5499
5501
5504
5505
5506
5509
5512
5513
5514
5515
5516
5517
5518
5521
5522
5523
5524
5525
5526
5528
5531
5533
5534
5535
5537
5538
5540
5541
5543
5544
5545
5546
5549
5550
5551
5554
5555
5556
5557
5558
5559
5560
5561
5562
5565
5566
5567
5569
5570
5571
5572
5573
5574
5578
5579
5581
5582
5585
5586
5587
5591
5593
5596
5598
5599
5600
5601
5602
5603
5604
5606
5607
5608
5610
5612
5614
5617
5618
5620
5622
5623
5624
5625
5626
5628
5631
5632
5633
5634
5636
5637
5638
5639
5640
5641
5644
5645
5646
5647
5648
5649
5650
5651
5652
5653
5655
5658
5662
5663
5664
5666
5667
5669
5671
5672
5673
5675
5676
5677
5679
5682
5683
5689
5690
5691
5693
5694
5696
5697
5698
5699
5705
5706
5712
5713
5714
5716
5719
5720
5722
5723
5724
5725
5727
5730
5731
5732
5733
5735
5736
5737
5740
5741
5742
5744
5745
5747
5752
5753
5757
5758
5759
5760
5764
5767
5768
5770
5771
5772
5773
5774
5775
5777
5778
5781
5782
5784
5785
5786
5787
5791
5793
5794
5797
5798
5799
5800
5805
5806
5808
5809
5811
5812
5813
5814
5817
5819
5820
5821
5822
5824
5828
5831
5832
5833
5834
5836
5837
5838
5840
5842
5843
5845
5847
5848
5850
5851
5853
5854
5855
5856
5859
5861
5862
5865
5868
5869
5871
5872
5873
5874
5875
5876
5877
5878
5879
5880
5881
5882
5883
5884
5887
5891
5892
5894
5895
5896
5897
5899
5901
5902
5903
5909
5910
5914
5918
5923
5924
5925
5926
5928
5929
5930
5931
5932
5937
5938
5939
5941
5944
5945
5948
5950
5952
5953
5954
5955
5956
5958
5960
5961
5962
5963
5964
5965
5966
5968
5969
5970
5972
5973
5974
5977
5980
5986
5987
5989
5990
5992
5993
5996
5997
5998
5999
6000
6002
6007
6008
6010
6013
6014
6015
6016
6018
6020
6021
6022
6024
6025
6028
6030
6031
6032
6036
6037
6039
6041
6042
6043
6045
6046
6047
6049
6050
6051
6056
6057
6060
6061
6064
6065
6066
6067
6068
6069
6070
6072
6074
6075
6076
6078
6079
6080
6082
6083
6084
6085
6086
6087
6088
6089
6091
6092
6093
6094
6095
6098
6099
6100
6101
6107
6110
6111
6112
6113
6114
6115
6117
6118
6122
6123
6124
6125
6126
6127
6129
6130
6134
6135
6139
6140
6142
6144
6147
6148
6149
6150
6151
6152
6153
6154
6155
6156
6157
6158
6160
6161
6162
6163
6165
6166
6170
6171
6175
6177
6178
6180
6181
6183
6184
6186
6188
6190
6191
6193
6194
6195
6197
6199
6200
6202
6204
6205
6208
6210
6211
6212
6213
6215
6216
6217
6218
6220
6222
6223
6224
6225
6226
6229
6234
6236
6237
6239
6240
6241
6244
6245
6246
6248
6249
6250
6252
6253
6255
6256
6257
6258
6259
6260
6261
6263
6265
6266
6268
6270
6271
6272
6274
6275
6278
6284
6285
6287
6288
6289
6290
6291
6292
6294
6295
6297
6301
6302
6303
6306
6307
6308
6309
6310
6312
6313
6314
6315
6316
6319
6320
6321
6323
6324
6325
6327
6333
6335
6337
6338
6339
6340
6341
6342
6343
6344
6347
6348
6351
6352
6353
6356
6357
6358
6359
6360
6361
6362
6364
6365
6368
6371
6374
6376
6377
6378
6379
6382
6384
6386
6388
6389
6391
6392
6393
6396
6397
6398
6400
6401
6403
6404
6407
6408
6409
6411
6413
6415
6417
6420
6423
6426
6428
6429
6430
6431
6434
6437
6438
6439
6440
6441
6442
6444
6446
6450
6451
6453
6454
6455
6458
6459
6460
6462
6463
6464
6467
6468
6471
6472
6476
6477
6479
6483
6486
6487
6491
6495
6496
6497
6498
6499
6500
6502
6508
6510
6511
6513
6514
6515
6517
6518
6520
6522
6523
6525
6526
6528
6530
6531
6532
6535
6537
6539
6541
6543
6545
6546
6547
6548
6549
6550
6552
6553
6554
6555
6556
6557
6558
6559
6560
6561
6562
6563
6566
6567
6568
6569
6570
6573
6574
6575
6577
6578
6579
6580
6581
6582
6583
6585
6586
6587
6588
6591
6592
6593
6594
6595
6600
6602
6604
6606
6607
6608
6610
6611
6612
6614
6615
6616
6618
6620
6622
6624
6625
6626
6627
6628
6630
6631
6632
6633
6635
6637
6638
6639
6640
6641
6643
6645
6647
6648
6649
6650
6652
6653
6654
6656
6658
6660
6661
6662
6664
6665
6666
6671
6672
6679
6680
6681
6682
6683
6685
6686
6689
6690
6691
6693
6696
6699
6700
6701
6702
6703
6704
6705
6707
6708
6709
6710
6711
6712
6713
6716
6719
6720
6721
6722
6723
6724
6725
6726
6727
6728
6729
6733
6737
6738
6739
6741
6742
6744
6745
6747
6748
6749
6750
6751
6753
6755
6756
6757
6758
6759
6760
6762
6763
6764
6765
6767
6768
6770
6772
6776
6777
6778
6780
6781
6783
6784
6785
6787
6788
6790
6791
6792
6793
6797
6798
6799
6802
6803
6808
6809
6810
6815
6816
6817
6818
6821
6822
6823
6824
6825
6826
6827
6828
6829
6831
6832
6833
6837
6841
6842
6844
6845
6846
6848
6849
6850
6851
6853
6855
6856
6857
6861
6864
6865
6866
6867
6868
6872
6873
6874
6875
6876
6877
6878
6879
6881
6882
6887
6888
6890
6892
6895
6896
6897
6898
6899
6900
6901
6902
6903
6904
6905
6906
6910
6911
6912
6913
6914
6915
6918
6919
6920
6921
6922
6924
6925
6926
6929
6930
6932
6937
6939
6940
6941
6943
6945
6946
6950
6951
6953
6957
6958
6959
6960
6961
6963
6964
6965
6967
6968
6969
6970
6972
6973
6975
6976
6979
6980
6981
6982
6983
6984
6986
6988
6989
6990
6993
6994
6998
6999
7001
7003
7005
7008
7012
7013
7014
7016
7017
7020
7021
7023
7025
7026
7027
7028
7030
7032
7036
7037
7038
7040
7041
7042
7043
7045
7046
7047
7049
7051
7052
7053
7055
7056
7057
7059
7061
7062
7064
7066
7067
7068
7070
7071
7072
7073
7074
7075
7076
7077
7078
7081
7083
7084
7085
7087
7089
7090
7092
7094
7095
7096
7097
7098
7100
7101
7103
7105
7110
7112
7113
7114
7116
7117
7119
7120
7121
7122
7123
7124
7126
7127
7128
7129
7130
7131
7133
7134
7135
7138
7139
7140
7141
7146
7147
7151
7155
7156
7157
7158
7159
7160
7161
7162
7163
7169
7171
7174
7176
7177
7178
7180
7181
7182
7184
7185
7187
7188
7191
7192
7194
7195
7197
7198
7200
7201
7206
7207
7208
7211
7212
7213
7214
7215
7217
7219
7220
7221
7223
7224
7227
7228
7234
7236
7237
7240
7241
7243
7244
7245
7247
7248
7249
7253
7254
7255
7256
7258
7261
7262
7263
7265
7266
7268
7272
7274
7275
7276
7277
7278
7279
7281
7283
7284
7288
7289
7291
7292
7293
7294
7295
7296
7298
7299
7301
7304
7306
7308
7309
7310
7311
7312
7313
7314
7316
7318
7319
7320
7321
7322
7325
7326
7327
7328
7329
7330
7331
7332
7333
7334
7337
7338
7341
7342
7343
7344
7345
7346
7347
7348
7349
7351
7352
7353
7354
7358
7361
7363
7364
7365
7366
7368
7370
7371
7373
7374
7375
7377
7378
7379
7380
7381
7382
7383
7384
7385
7387
7388
7391
7392
7399
7401
7403
7404
7408
7409
7411
7412
7413
7414
7415
7417
7418
7419
7420
7421
7424
7425
7426
7428
7429
7430
7431
7433
7434
7439
7440
7442
7444
7445
7446
7447
7450
7451
7452
7454
7455
7459
7460
7462
7464
7466
7470
7474
7477
7478
7481
7482
7485
7486
7487
7492
7494
7495
7496
7497
7498
7500
7502
7503
7505
7506
7507
7510
7511
7512
7513
7514
7515
7516
7517
7518
7519
7521
7522
7524
7525
7528
7529
7530
7531
7532
7534
7536
7537
7538
7540
7541
7542
7543
7544
7545
7546
7548
7549
7554
7557
7559
7561
7562
7564
7565
7566
7567
7568
7572
7574
7575
7576
7578
7580
7583
7584
7586
7587
7588
7589
7590
7593
7595
7596
7598
7599
7601
7602
7603
7606
7607
7608
7609
7610
7611
7612
7613
7614
7615
7617
7618
7619
7621
7622
7623
7625
7626
7627
7631
7632
7633
7638
7639
7642
7643
7644
7645
7646
7647
7648
7649
7650
7651
7652
7654
7659
7661
7663
7664
7665
7667
7668
7676
7677
7681
7682
7684
7687
7688
7689
7695
7699
7700
7703
7704
7706
7707
7708
7709
7710
7712
7713
7714
7716
7717
7718
7719
7723
7724
7726
7727
7728
7729
7731
7732
7733
7734
7735
7736
7737
7738
7740
7741
7744
7747
7748
7750
7751
7752
7755
7758
7759
7760
7761
7764
7765
7766
7767
7768
7769
7771
7773
7774
7776
7777
7778
7779
7780
7782
7784
7785
7790
7792
7794
7796
7798
7799
7800
7801
7803
7804
7805
7806
7807
7810
7811
7814
7817
7818
7819
7821
7823
7824
7825
7827
7828
7829
7830
7831
7832
7834
7835
7836
7837
7838
7839
7840
7841
7842
7843
7844
7845
7846
7849
7853
7855
7856
7860
7861
7862
7863
7864
7867
7868
7869
7872
7873
7875
7876
7877
7881
7882
7884
7888
7890
7892
7893
7895
7896
7897
7899
7900
7902
7903
7904
7909
7913
7915
7916
7917
7919
7920
7921
7924
7925
7926
7927
7928
7930
7932
7933
7934
7935
7936
7942
7943
7944
7945
7947
7949
7950
7951
7952
7956
7957
7958
7961
7963
7964
7965
7966
7967
7968
7969
7970
7971
7974
7975
7976
7978
7980
7982
7983
7985
7986
7988
7989
7991
7994
7995
7996
7997
8000
8001
8002
8003
8004
8007
8010
8011
8015
8018
8019
8020
8021
8024
8025
8026
8027
8028
8030
8038
8039
8040
8041
8042
8044
8046
8048
8049
8051
8052
8053
8054
8056
8059
8061
8062
8063
8064
8067
8068
8071
8072
8074
8075
8077
8078
8079
8080
8081
8083
8084
8085
8086
8088
8091
8094
8095
8096
8097
8098
8099
8102
8103
8106
8107
8109
8110
8111
8112
8113
8114
8116
8117
8118
8119
8121
8122
8123
8124
8127
8128
8130
8132
8133
8134
8135
8136
8138
8139
8140
8141
8144
8145
8146
8148
8149
8151
8152
8153
8154
8156
8157
8158
8159
8160
8161
8163
8164
8165
8167
8170
8171
8172
8173
8174
8175
8176
8178
8179
8180
8181
8183
8185
8189
8190
8191
8192
8193
8194
8197
8198
8199
8200
8204
8205
8206
8208
8209
8211
8215
8217
8218
8219
8220
8221
8223
8224
8225
8227
8229
8230
8232
8235
8237
8239
8240
8241
8242
8243
8246
8247
8251
8252
8254
8255
8257
8260
8262
8263
8265
8266
8268
8269
8270
8272
8273
8274
8275
8276
8277
8278
8279
8280
8281
8282
8287
8289
8291
8292
8294
8297
8298
8299
8300
8302
8305
8306
8307
8309
8311
8312
8313
8315
8316
8317
8318
8321
8323
8324
8329
8332
8335
8336
8338
8341
8343
8345
8348
8352
8353
8356
8358
8359
8360
8361
8363
8365
8366
8367
8368
8369
8372
8373
8375
8376
8378
8380
8381
8382
8383
8384
8389
8390
8392
8393
8395
8398
8399
8400
8402
8405
8407
8408
8409
8413
8417
8425
8426
8428
8429
8430
8431
8432
8433
8434
8435
8437
8438
8439
8440
8442
8443
8444
8447
8448
8449
8450
8451
8453
8461
8462
8463
8465
8466
8467
8468
8469
8470
8472
8475
8476
8477
8478
8481
8483
8484
8486
8487
8490
8493
8494
8495
8496
8499
8500
8502
8503
8504
8506
8510
8511
8512
8513
8514
8518
8520
8522
8524
8526
8527
8529
8530
8532
8533
8534
8535
8536
8537
8542
8544
8545
8546
8547
8549
8550
8551
8552
8553
8554
8556
8557
8558
8559
8561
8562
8563
8564
8565
8566
8567
8570
8571
8572
8573
8574
8576
8577
8579
8580
8581
8584
8585
8586
8588
8589
8591
8592
8593
8595
8596
8598
8599
8600
8601
8602
8603
8605
8606
8607
8609
8610
8611
8613
8614
8615
8616
8617
8619
8621
8622
8624
8626
8627
8629
8630
8632
8633
8637
8638
8639
8641
8642
8644
8646
8647
8648
8649
8650
8652
8653
8656
8658
8661
8662
8663
8664
8666
8667
8670
8672
8673
8674
8675
8676
8678
8679
8680
8681
8682
8683
8684
8686
8687
8688
8689
8690
8691
8693
8696
8700
8701
8703
8704
8705
8706
8707
8710
8711
8712
8714
8715
8717
8724
8728
8732
8734
8735
8741
8743
8744
8745
8746
8748
8749
8750
8756
8760
8762
8763
8764
8765
8766
8767
8768
8770
8773
8774
8775
8776
8777
8778
8779
8780
8783
8785
8786
8787
8792
8793
8800
8802
8803
8804
8805
8813
8816
8817
8819
8821
8825
8827
8829
8830
8831
8842
8845
8846
8847
8848
8853
8867
8874
8875
8876
8880
8881
8882
8883
8884
8885
8887
8889
8891
8893
8894
8895
8896
8897
8898
8900
8901
8902
8903
8906
8908
8909
8911
8912
8913
8914
8915
8917
8920
8921
8922
8924
8925
8929
8930
8932
8933
8935
8938
8939
8940
8941
8942
8943
8944
8946
8947
8949
8951
8953
8955
8957
8958
8959
8960
8961
8962
8963
8964
8966
8968
8970
8971
8976
8977
8978
8979
8981
8982
8983
8984
8985
8986
8988
8991
8993
8996
8998
8999
9001
9002
9003
9005
9008
9010
9012
9013
9016
9017
9019
9023
9034
9035
9036
9038
9040
9041
9042
9043
9045
9048
9049
9050
9051
9053
9054
9055
9057
9058
9059
9060
9061
9062
9067
9068
9073
9074
9077
9078
9079
9080
9081
9082
9083
9084
9085
9086
9089
9090
9092
9094
9100
9103
9104
9106
9107
9110
9111
9112
9117
9119
9123
9126
9127
9128
9129
9131
9134
9137
9138
9140
9142
9143
9144
9145
9146
9148
9150
9152
9153
9154
9155
9157
9159
9160
9163
9164
9165
9166
9168
9170
9172
9174
9175
9178
9179
9181
9182
9183
9184
9186
9188
9189
9190
9191
9192
9193
9194
9197
9200
9201
9203
9204
9207
9208
9210
9213
9214
9217
9218
9219
9221
9223
9224
9225
9227
9229
9230
9231
9236
9237
9239
9240
9242
9243
9244
9245
9246
9247
9248
9249
9254
9255
9258
9259
9260
9262
9263
9264
9265
9267
9269
9273
9274
9276
9279
9280
9281
9282
9283
9284
9285
9287
9289
9290
9291
9292
9293
9294
9296
9297
9298
9299
9300
9304
9309
9316
9318
9319
9320
9321
9322
9323
9324
9326
9327
9328
9334
9337
9338
9339
9340
9341
9342
9346
9347
9350
9353
9356
9359
9361
9362
9363
9365
9366
9369
9371
9372
9373
9374
9375
9380
9381
9382
9383
9384
9387
9388
9400
9401
9403
9404
9405
9406
9407
9409
9411
9413
9414
9416
9418
9419
9420
9421
9423
9424
9425
9426
9427
9428
9430
9431
9434
9436
9439
9440
9444
9445
9446
9447
9450
9452
9454
9456
9458
9459
9462
9463
9466
9468
9469
9470
9471
9472
9473
9475
9477
9478
9481
9484
9487
9491
9492
9493
9496
9498
9500
9502
9503
9504
9505
9506
9507
9509
9510
9511
9512
9514
9517
9519
9521
9522
9523
9524
9525
9526
9527
9528
9529
9530
9531
9533
9534
9535
9536
9539
9540
9541
9542
9543
9545
9546
9547
9548
9549
9550
9552
9553
9559
9561
9562
9563
9564
9565
9566
9567
9568
9572
9573
9574
9575
9576
9577
9578
9580
9581
9583
9584
9585
9586
9588
9590
9592
9594
9597
9600
9604
9606
9607
9610
9611
9612
9613
9615
9616
9618
9619
9622
9623
9624
9627
9628
9630
9631
9633
9634
9635
9636
9637
9639
9644
9645
9646
9648
9650
9651
9652
9655
9656
9657
9659
9660
9661
9663
9664
9665
9666
9668
9669
9670
9671
9672
9674
9675
9676
9677
9678
9679
9682
9683
9686
9687
9688
9689
9690
9691
9692
9698
9699
9700
9701
9702
9703
9705
9707
9708
9709
9710
9712
9714
9716
9717
9718
9719
9721
9723
9724
9725
9726
9727
9729
9730
9731
9732
9733
9735
9736
9737
9738
9741
9742
9744
9745
9748
9749
9750
9751
9753
9755
9757
9758
9759
9760
9761
9762
9766
9772
9774
9776
9777
9779
9780
9781
9782
9783
9784
9785
9787
9788
9789
9790
9791
9792
9793
9794
9795
9796
9798
9801
9802
9804
9805
9806
9810
9811
9812
9814
9815
9816
9817
9818
9819
9820
9821
9823
9824
9826
9827
9828
9830
9831
9832
9833
9835
9836
9840
9842
9843
9844
9845
9846
9849
9850
9852
9855
9856
9857
9858
9859
9860
9862
9863
9865
9866
9867
9868
9869
9870
9871
9872
9873
9874
9877
9878
9880
9881
9884
9885
9886
9888
9890
9891
9892
9895
9900
9901
9902
9903
9904
9905
9906
9907
9908
9909
9910
9912
9913
9915
9917
9920
9927
9930
9931
9932
9933
9936
9939
9940
9941
9943
9945
9946
9947
9948
9949
9950
9953
9954
9955
9957
9958
9959
9962
9964
9966
9967
9968
9971
9973
9975
9976
9978
9979
9980
9981
9982
9983
9984
9985
9986
9987
9990
9991
9992
9994
9995
9997
10000
10001
10002
10006
10007
10008
10009
10012
10013
10014
10015
10017
10022
10023
10024
10026
10028
10029
10030
10031
10032
10036
10037
10038
10040
10041
10042
10043
10045
10046
10047
10052
10053
10054
10055
10057
10058
10059
10060
10061
10063
10064
10066
10067
10068
10069
10071
10072
10073
10074
10075
10076
10077
10079
10080
10082
10083
10084
10087
10088
10090
10093
10094
10095
10096
10097
10100
10103
10106
10108
10111
10113
10114
10119
10123
10124
10125
10126
10128
10129
10131
10132
10135
10139
10143
10144
10145
10147
10148
10149
10150
10151
10152
10154
10155
10159
10160
10161
10168
10169
10170
10171
10172
10176
10177
10178
10180
10181
10185
10187
10189
10190
10193
10194
10196
10197
10198
10199
10201
10202
10203
10204
10205
10206
10208
10209
10210
10211
10212
10213
10214
10215
10216
10217
10218
10219
10220
10221
10222
10223
10224
10227
10228
10229
10230
10231
10232
10233
10235
10236
10237
10238
10239
10240
10242
10246
10247
10248
10250
10251
10254
10255
10256
10257
10258
10259
10260
10262
10263
10264
10266
10267
10268
10269
10270
10273
10274
10276
10279
10281
10282
10283
10285
10286
10288
10289
10290
10292
10293
10301
10302
10304
10305
10307
10309
10310
10312
10313
10315
10317
10318
10319
10320
10323
10324
10328
10330
10331
10332
10333
10334
10337
10339
10340
10342
10343
10344
10346
10347
10348
10349
10350
10351
10355
10356
10358
10359
10360
10361
10362
10364
10365
10367
10368
10369
10370
10371
10372
10375
10377
10378
10380
10382
10386
10389
10391
10392
10393
10394
10395
10396
10397
10400
10401
10403
10406
10408
10410
10411
10412
10414
10415
10416
10418
10419
10420
10422
10424
10425
10426
10429
10434
10435
10436
10438
10439
10441
10443
10444
10446
10447
10448
10450
10452
10453
10454
10456
10457
10458
10459
10460
10461
10463
10466
10467
10468
10469
10470
10472
10473
10474
10475
10476
10477
10478
10479
10480
10481
10482
10487
10488
10489
10490
10493
10497
10499
10500
10502
10503
10507
10508
10509
10510
10513
10514
10516
10517
10518
10522
10523
10524
10526
10527
10528
10529
10530
10533
10534
10537
10538
10539
10540
10542
10543
10544
10545
10546
10547
10548
10549
10550
10551
10553
10555
10559
10563
10564
10565
10566
10568
10569
10571
10572
10573
10574
10579
10581
10582
10583
10584
10587
10589
10591
10592
10593
10595
10597
10598
10600
10601
10602
10603
10604
10605
10606
10609
10610
10611
10612
10613
10614
10615
10618
10620
10621
10622
10624
10626
10628
10631
10633
10634
10638
10641
10644
10647
10648
10651
10652
10654
10655
10656
10658
10659
10660
10662
10664
10667
10668
10671
10672
10673
10675
10677
10678
10679
10680
10681
10682
10684
10685
10686
10687
10688
10689
10690
10692
10701
10703
10708
10711
10713
10714
10715
10716
10717
10721
10722
10726
10728
10729
10730
10734
10735
10737
10738
10742
10744
10745
10746
10747
10749
10753
10754
10755
10756
10757
10758
10759
10760
10761
10762
10763
10764
10765
10767
10769
10771
10772
10773
10774
10775
10778
10780
10781
10783
10784
10785
10787
10791
10793
10795
10797
10798
10800
10801
10803
10805
10806
10807
10808
10809
10811
10812
10814
10815
10817
10819
10822
10823
10825
10826
10828
10829
10830
10831
10832
10834
10835
10837
10838
10840
10844
10845
10846
10847
10848
10849
10850
10853
10854
10855
10856
10858
10859
10862
10863
10866
10867
10868
10869
10870
10872
10875
10876
10877
10878
10879
10881
10882
10885
10886
10887
10889
10890
10891
10892
10893
10894
10896
10897
10899
10900
10901
10902
10904
10905
10908
10910
10911
10913
10914
10915
10917
10918
10921
10922
10923
10924
10926
10929
10930
10931
10933
10934
10936
10937
10938
10941
10947
10948
10950
10951
10955
10956
10957
10958
10959
10961
10962
10963
10965
10966
10967
10969
10971
10975
10976
10977
10978
10979
10981
10986
10988
10990
10991
10992
10993
10995
10996
10999
11000
11001
11002
11003
11004
11008
11009
11010
11011
11019
11021
11023
11024
11025
11026
11027
11028
11029
11030
11031
11032
11033
11034
11035
11036
11037
11038
11039
11040
11050
11054
11055
11056
11057
11058
11059
11060
11061
11062
11063
11064
11065
11066
11067
11068
11069
11071
11073
11075
11076
11081
11082
11083
11084
11086
11087
11089
11090
11092
11096
11097
11100
11101
11102
11105
11107
11108
11113
11114
11116
11117
11119
11120
11121
11122
11125
11127
11128
11129
11130
11131
11133
11134
11135
11139
11142
11145
11147
11150
11151
11152
11153
11156
11157
11159
11160
11161
11162
11166
11167
11168
11172
11173
11175
11176
11178
11179
11181
11182
11184
11186
11189
11191
11192
11196
11197
11198
11199
11201
11203
11205
11207
11209
11210
11213
11214
11215
11216
11218
11219
11221
11222
11223
11227
11230
11231
11234
11235
11236
11237
11238
11239
11242
11243
11244
11245
11247
11249
11250
11251
11255
11256
11258
11259
11261
11264
11267
11268
11269
11272
11274
11276
11277
11279
11281
11282
11283
11285
11287
11288
11289
11290
11291
11296
11298
11299
11302
11305
11308
11310
11311
11312
11313
11314
11315
11316
11320
11321
11322
11325
11326
11328
11330
11331
11332
11333
11334
11335
11336
11337
11338
11340
11341
11343
11344
11345
11349
11352
11354
11355
11357
11358
11359
11360
11361
11362
11365
11367
11371
11373
11374
11375
11376
11377
11380
11383
11384
11386
11387
11388
11389
11392
11395
11396
11397
11398
11399
11400
11402
11403
11411
11412
11413
11414
11415
11417
11418
11419
11422
11423
11425
11426
11427
11430
11431
11434
11437
11438
11439
11441
11444
11449
11453
11459
11460
11461
11463
11465
11467
11468
11469
11470
11472
11475
11477
11479
11483
11484
11485
11488
11492
11494
11496
11497
11500
11502
11504
11505
11506
11508
11509
11510
11511
11512
11514
11517
11518
11520
11524
11525
11526
11528
11530
11531
11533
11534
11536
11540
11541
11542
11544
11545
11548
11549
11551
11552
11554
11555
11557
11559
11560
11562
11567
11570
11572
11573
11575
11576
11583
11584
11586
11587
11589
11590
11592
11593
11594
11595
11597
11600
11601
11603
11604
11605
11606
11607
11608
11609
11610
11613
11614
11615
11617
11620
11621
11622
11623
11626
11628
11630
11633
11634
11635
11636
11638
11640
11644
11645
11647
11648
11649
11650
11651
11653
11654
11658
11659
11660
11663
11665
11666
11667
11668
11670
11672
11675
11676
11677
11678
11680
11684
11685
11686
11687
11688
11689
11690
11692
11694
11695
11696
11698
11703
11704
11705
11707
11709
11710
11711
11712
11713
11716
11718
11720
11722
11725
11726
11732
11736
11738
11739
11740
11743
11746
11747
11748
11751
11753
11754
11757
11760
11761
11763
11765
11768
11771
11772
11773
11774
11775
11776
11777
11778
11781
11782
11783
11784
11785
11786
11788
11789
11792
11793
11794
11796
11798
11799
11800
11802
11803
11805
11806
11807
11808
11810
11812
11813
11815
11816
11817
11819
11820
11824
11826
11828
11831
11833
11835
11837
11838
11839
11840
11841
11842
11845
11847
11849
11851
11853
11855
11856
11857
11864
11865
11866
11869
11870
11872
11873
11876
11881
11882
11883
11884
11885
11886
11887
11891
11893
11894
11895
11896
11897
11898
11899
11903
11906
11910
11912
11914
11917
11918
11919
11923
11924
11926
11929
11931
11933
11934
11935
11939
11943
11944
11945
11948
11950
11951
11953
11956
11957
11960
11965
11966
11967
11969
11970
11972
11973
11974
11975
11976
11978
11981
11983
11984
11986
11987
11993
11995
11996
11997
11998
11999
12000
12001
12004
12005
12006
12010
12013
12015
12017
12020
12023
12027
12030
12032
12033
12037
12038
12039
12040
12042
12043
12045
12046
12048
12053
12054
12055
12056
12058
12059
12060
12062
12063
12064
12065
12066
12067
12070
12071
12072
12073
12076
12077
12078
12079
12081
12082
12083
12084
12085
12086
12087
12088
12089
12090
12093
12096
12097
12098
12099
12100
12103
12104
12105
12107
12108
12109
12110
12112
12115
12118
12119
12122
12124
12125
12126
12127
12132
12135
12137
12142
12143
12145
12146
12149
12150
12151
12152
12153
12154
12158
12159
12160
12161
12164
12165
12167
12169
12171
12172
12173
12175
12179
12181
12184
12185
12186
12187
12189
12190
12191
12192
12193
12194
12195
12196
12197
12198
12199
12202
12205
12206
12208
12209
12211
12213
12214
12215
12217
12219
12220
12221
12222
12223
12224
12226
12227
12228
12229
12231
12233
12234
12236
12238
12240
12241
12242
12245
12246
12247
12248
12250
12251
12253
12255
12256
12258
12259
12260
12262
12266
12268
12271
12272
12275
12281
12282
12284
12286
12287
12288
12290
12291
12293
12295
12298
12300
12303
12304
12305
12306
12307
12309
12310
12311
12312
12316
12318
12321
12326
12327
12328
12329
12330
12332
12333
12335
12336
12337
12342
12343
12345
12357
12360
12361
12362
12363
12364
12365
12368
12369
12372
12373
12383
12388
12389
12393
12394
12395
12396
12397
12399
12400
12403
12405
12406
12410
12411
12412
12413
12414
12416
12417
12418
12420
12421
12424
12427
12428
12429
12430
12431
12432
12433
12434
12440
12442
12443
12444
12445
12446
12447
12449
12450
12452
12453
12454
12455
12456
12457
12459
12460
12461
12462
12465
12466
12467
12468
12469
12472
12473
12474
12475
12477
12478
12482
12484
12486
12487
12492
12494
12495
12496
12497
12498
12499
12500
12503
12505
12506
12509
12510
12511
12512
12513
12514
12517
12518
12519
12520
12521
12522
12527
12528
12532
12533
12534
12536
12539
12540
12541
12543
12545
12546
12547
12548
12549
12550
12551
12554
12555
12557
12558
12559
12561
12562
12565
12566
12568
12569
12571
12573
12574
12577
12583
12584
12585
12586
12590
12591
12592
12593
12597
12600
12602
12603
12604
12605
12608
12609
12610
12611
12612
12614
12615
12616
12617
12618
12620
12623
12624
12625
12626
12627
12628
12630
12631
12634
12635
12636
12641
12642
12643
12644
12645
12646
12647
12648
12649
12650
12653
12654
12655
12656
12658
12660
12663
12664
12666
12667
12674
12675
12676
12677
12678
12679
12681
12682
12683
12684
12685
12686
12687
12688
12689
12690
12692
12693
12694
12695
12696
12697
12698
12700
12703
12704
12707
12709
12710
12712
12715
12716
12718
12721
12722
12724
12725
12726
12727
12728
12729
12730
12731
12734
12735
12736
12737
12740
12741
12742
12749
12750
12752
12754
12756
12757
12760
12761
12762
12763
12764
12765
12766
12767
12769
12771
12774
12777
12778
12782
12783
12785
12786
12787
12788
12789
12790
12792
12793
12794
12795
12796
12798
12799
12800
12801
12803
12804
12805
12806
12807
12808
12809
12810
12811
12813
12817
12818
12819
12820
12822
12823
12824
12825
12826
12830
12831
12832
12833
12834
12835
12837
12838
12839
12842
12843
12844
12846
12847
12849
12850
12851
12852
12853
12856
12858
12859
12864
12866
12867
12868
12869
12870
12872
12874
12875
12877
12878
12881
12882
12884
12886
12888
12890
12893
12894
12895
12897
12898
12899
12900
12903
12907
12910
12911
12913
12915
12916
12918
12919
12921
12924
12925
12927
12928
12931
12932
12936
12937
12940
12941
12943
12968
12969
12970
12972
12974
12975
12976
12977
12979
12982
12983
12984
12985
12986
12988
12989
12990
12991
12994
12996
12998
13000
13003
13004
13005
13006
13008
13009
13010
13013
13014
13016
13017
13019
13020
13021
13022
13024
13027
13028
13029
13030
13033
13034
13037
13041
13043
13045
13046
13047
13048
13049
13050
13052
13053
13055
13058
13059
13060
13063
13065
13068
13074
13075
13076
13078
13080
13082
13085
13086
13087
13089
13096
13097
13098
13099
13100
13101
13102
13104
13105
13106
13107
13108
13110
13111
13112
13113
13117
13118
13119
13120
13121
13122
13123
13126
13130
13132
13133
13134
13136
13139
13140
13141
13142
13143
13144
13145
13146
13148
13150
13153
13154
13158
13160
13161
13162
13164
13165
13166
13167
13169
13170
13171
13175
13176
13178
13179
13180
13181
13186
13188
13191
13192
13193
13194
13195
13197
13198
13200
13201
13202
13204
13205
13206
13208
13209
13210
13213
13214
13215
13216
13217
13218
13219
13220
13222
13225
13226
13228
13230
13240
13241
13242
13245
13246
13247
13250
13251
13252
13255
13256
13258
13259
13262
13263
13264
13266
13268
13269
13270
13274
13275
13276
13278
13279
13280
13281
13283
13284
13289
13293
13294
13296
13297
13298
13303
13304
13306
13308
13309
13311
13313
13314
13315
13317
13318
13319
13321
13322
13323
13325
13326
13328
13329
13330
13331
13332
13334
13335
13336
13337
13340
13341
13344
13345
13346
13347
13348
13349
13352
13353
13356
13357
13358
13359
13360
13362
13366
13367
13369
13371
13374
13377
13378
13379
13380
13381
13382
13383
13384
13386
13387
13388
13389
13391
13392
13393
13394
13395
13403
13404
13405
13407
13408
13409
13410
13411
13412
13414
13415
13417
13420
13423
13424
13425
13426
13428
13429
13430
13431
13434
13435
13436
13437
13438
13439
13444
13445
13446
13447
13448
13449
13450
13451
13452
13453
13454
13456
13458
13459
13465
13467
13468
13470
13471
13472
13475
13477
13478
13479
13480
13483
13484
13485
13486
13487
13490
13491
13492
13494
13497
13498
13499
13500
13507
13508
13510
13512
13513
13515
13516
13517
13518
13521
13522
13524
13526
13529
13531
13533
13534
13536
13538
13543
13544
13547
13548
13551
13552
13554
13555
13558
13559
13562
13563
13564
13566
13569
13571
13573
13574
13575
13579
13580
13581
13582
13586
13588
13589
13590
13592
13593
13594
13595
13597
13598
13599
13600
13602
13603
13607
13611
13612
13615
13618
13621
13622
13623
13624
13625
13626
13629
13631
13633
13635
13636
13637
13638
13639
13642
13646
13648
13649
13653
13654
13655
13656
13657
13659
13660
13661
13662
13663
13664
13666
13668
13670
13671
13672
13673
13675
13676
13677
13681
13682
13683
13684
13685
13688
13690
13695
13696
13699
13700
13701
13702
13704
13706
13708
13710
13711
13713
13715
13720
13722
13723
13724
13725
13728
13729
13730
13734
13735
13736
13737
13738
13739
13741
13742
13743
13744
13745
13747
13749
13750
13751
13752
13754
13755
13756
13757
13761
13778
13779
13783
13784
13788
13793
13794
13798
13803
13806
13807
13808
13809
13811
13812
13814
13815
13822
13825
13828
13830
13831
13832
13833
13834
13835
13839
13840
13841
13843
13845
13846
13847
13848
13849
13850
13852
13853
13854
13856
13857
13858
13859
13860
13861
13863
13864
13866
13867
13869
13871
13874
13875
13876
13879
13883
13884
13885
13889
13891
13892
13894
13895
13896
13897
13899
13900
13901
13902
13903
13904
13907
13908
13909
13911
13912
13913
13917
13920
13922
13923
13927
13928
13929
13930
13933
13937
13938
13940
13941
13942
13943
13945
13950
13952
13953
13954
13955
13956
13957
13958
13959
13960
13963
13964
13965
13967
13968
13973
13976
13978
13979
13980
13982
13983
13984
13985
13987
13988
13990
13992
13993
13994
13996
13999
14003
14004
14006
14008
14011
14012
14013
14014
14017
14018
14019
14020
14021
14022
14026
14027
14028
14029
14033
14035
14036
14037
14038
14039
14040
14041
14045
14046
14048
14049
14051
14053
14055
14056
14057
14060
14061
14062
14063
14064
14065
14066
14068
14071
14072
14076
14077
14078
14079
14080
14081
14083
14084
14085
14086
14091
14095
14096
14097
14099
14102
14106
14108
14111
14115
14117
14120
14121
14124
14127
14129
14130
14131
14132
14133
14134
14135
14137
14138
14141
14143
14146
14147
14149
14150
14151
14153
14154
14155
14156
14157
14158
14159
14169
14170
14171
14172
14173
14176
14177
14181
14183
14184
14185
14186
14187
14189
14191
14192
14195
14196
14197
14199
14200
14201
14202
14203
14204
14206
14208
14209
14211
14213
14214
14216
14217
14218
14220
14221
14222
14227
14230
14231
14232
14233
14235
14239
14240
14243
14245
14246
14248
14249
14250
14251
14254
14255
14256
14257
14260
14263
14264
14265
14266
14267
14268
14270
14271
14272
14273
14276
14277
14278
14281
14282
14283
14284
14285
14287
14289
14291
14294
14295
14296
14299
14303
14304
14306
14309
14311
14313
14314
14315
14317
14320
14321
14322
14324
14328
14329
14330
14332
14333
14335
14337
14339
14341
14342
14345
14346
14349
14350
14351
14353
14355
14356
14357
14359
14360
14363
14364
14365
14367
14370
14371
14373
14377
14378
14380
14381
14384
14385
14387
14388
14390
14391
14392
14394
14397
14398
14401
14402
14403
14404
14406
14407
14408
14410
14412
14414
14415
14416
14417
14419
14420
14422
14423
14424
14425
14427
14429
14431
14433
14436
14440
14441
14442
14443
14444
14445
14446
14447
14449
14454
14455
14456
14458
14461
14463
14464
14466
14467
14468
14470
14471
14472
14474
14476
14478
14480
14482
14484
14485
14486
14489
14490
14491
14493
14496
14497
14498
14500
14503
14505
14508
14509
14512
14513
14514
14516
14520
14523
14527
14529
14534
14535
14536
14541
14542
14545
14546
14547
14548
14552
14553
14556
14558
14559
14560
14563
14566
14567
14569
14570
14573
14574
14575
14578
14579
14580
14581
14582
14587
14591
14592
14593
14596
14598
14599
14602
14604
14606
14607
14610
14611
14614
14625
14633
14634
14637
14640
14641
14644
14653
14656
14662
14665
14667
14670
14674
14675
14677
14678
14679
14681
14683
14684
14687
14689
14691
14695
14696
14697
14699
14701
14702
14706
14711
14713
14714
14718
14719
14721
14722
14723
14724
14727
14728
14729
14734
14736
14738
14740
14742
14743
14744
14745
14746
14748
14749
14752
14753
14755
14757
14758
14759
14761
14762
14763
14765
14766
14767
14768
14769
14772
14773
14774
14775
14778
14779
14781
14782
14785
14787
14788
14790
14791
14792
14794
14796
14797
14798
14800
14802
14803
14804
14805
14806
14810
14811
14812
14813
14814
14815
14816
14819
14821
14829
14831
14832
14833
14840
14841
14842
14843
14845
14846
14849
14851
14853
14854
14859
14861
14867
14871
14874
14876
14878
14881
14887
14889
14890
14895
14896
14898
14907
14909
14911
14913
14915
14920
14921
14924
14927
14931
14932
14933
14938
14939
14941
14942
14944
14947
14949
14950
14954
14956
14957
14958
14965
14973
14978
14984
14985
14987
14993
14994
14996
14997
14998
14999
15000
15002
15003
15007
15008
15009
15010
15014
15015
15021
15022
15023
15026
15028
15031
15032
15033
15037
15038
15039
15041
15042
15044
15045
15046
15048
15050
15051
15052
15054
15055
15056
15057
15058
15060
15063
15064
15067
15068
15069
15073
15075
15077
15078
15079
15082
15083
15084
15087
15088
15089
15090
15091
15092
15093
15094
15095
15096
15098
15099
15100
15101
15104
15106
15107
15109
15112
15116
15117
15118
15120
15122
15124
15125
15126
15127
15128
15130
15136
15139
15140
15142
15145
15147
15149
15153
15154
15155
15161
15162
15164
15167
15168
15173
15176
15179
15185
15186
15189
15190
15193
15198
15202
15203
15204
15205
15209
15210
15212
15215
15216
15218
15222
15223
15226
15227
15229
15230
15232
15235
15236
15245
15247
15248
15252
15253
15257
15265
15269
15270
15274
15283
15285
15286
15287
15288
15289
15291
15292
15294
15295
15300
15304
15305
15311
15312
15313
15318
15319
15320
15323
15326
15327
15331
15332
15335
15338
15345
15346
15349
15351
15353
15357
15358
15359
15362
15363
15366
15369
15370
15371
15372
15374
15376
15379
15380
15385
15387
15389
15390
15393
15396
15397
15399
15404
15405
15407
15409
15410
15412
15416
15419
15421
15423
15424
15427
15428
15429
15430
15431
15435
15437
15439
15440
15441
15442
15445
15447
15448
15449
15452
15454
15456
15458
15459
15461
15462
15469
15470
15471
15473
15474
15475
15477
15480
15481
15483
15488
15489
15490
15492
15493
15495
15496
15497
15498
15499
15501
15502
15503
15504
15505
15506
15507
15511
15512
15513
15514
15515
15517
15525
15529
15533
15534
15538
15539
15544
15545
15546
15550
15554
15558
15560
15562
15563
15564
15566
15567
15570
15579
15585
15587
15588
15589
15590
15592
15594
15596
15599
15600
15603
15604
15605
15606
15607
15610
15611
15613
15614
15618
15621
15622
15623
15626
15630
15631
15632
15633
15634
15635
15637
15641
15645
15647
15648
15651
15656
15658
15659
15662
15663
15664
15665
15666
15673
15674
15677
15678
15679
15680
15681
15683
15685
15686
15690
15691
15695
15696
15697
15698
15699
15701
15703
15704
15705
15707
15708
15709
15710
15712
15713
15714
15716
15720
15721
15722
15723
15725
15726
15728
15729
15730
15731
15732
15734
15735
15736
15738
15739
15740
15741
15742
15744
15745
15746
15747
15749
15751
15752
15754
15755
15756
15758
15759
15760
15762
15766
15768
15769
15770
15772
15775
15776
15777
15778
15781
15782
15783
15786
15789
15790
15791
15792
15795
15796
15799
15802
15807
15811
15812
15813
15817
15822
15823
15824
15825
15827
15831
15833
15834
15836
15843
15846
15848
15851
15852
15853
15856
15858
15866
15867
15871
15873
15875
15876
15877
15878
15879
15880
15883
15884
15885
15887
15888
15890
15895
15896
15897
15898
15904
15908
15909
15910
15911
15912
15913
15915
15920
15921
15923
15924
15925
15929
15930
15931
15934
15936
15937
15939
15941
15947
15949
15953
15954
15955
15959
15960
15961
15963
15966
15968
15970
15973
15974
15975
15976
15982
15985
15986
15987
15988
15990
15997
15998
15999
16000
16006
16009
16010
16011
16012
16014
16015
16016
16017
16018
16020
16022
16023
16025
16033
16036
16038
16039
16042
16044
16045
16048
16052
16054
16055
16057
16058
16063
16064
16065
16067
16070
16072
16073
16074
16075
16076
16077
16078
16079
16084
16085
16088
16090
16095
16099
16104
16107
16108
16112
16115
16117
16118
16122
16123
16126
16127
16130
16131
16132
16134
16139
16140
16144
16148
16151
16152
16153
16154
16157
16159
16160
16163
16166
16170
16171
16172
16174
16179
16181
16182
16186
16187
16188
16189
16191
16194
16195
16200
16203
16204
16205
16206
16207
16209
16210
16211
16212
16213
16216
16218
16219
16221
16222
16223
16228
16230
16231
16233
16235
16236
16239
16240
16241
16242
16245
16246
16248
16251
16253
16254
16255
16259
16260
16262
16265
16268
16269
16272
16279
16280
16283
16285
16286
16287
16289
16290
16291
16292
16296
16298
16299
16300
16302
16304
16306
16310
16312
16313
16315
16316
16317
16319
16320
16322
16324
16325
16332
16334
16335
16340
16341
16342
16344
16346
16351
16352
16353
16354
16357
16358
16360
16361
16362
16364
16365
16367
16377
16378
16380
16381
16382
16383
16385
16386
16388
16390
16393
16394
16397
16398
16422
16429
16430
16431
16432
16434
16435
16437
16438
16439
16440
16441
16442
16443
16451
16452
16453
16455
16473
16475
16476
16479
16481
16483
16484
16485
16486
16499
16500
16501
16502
16503
16505
16506
16507
16509
16510
16513
16514
16519
16520
16522
16524
16525
16526
16527
16529
16533
16536
16537
16538
16540
16541
16542
16543
16544
16545
16547
16548
16549
16550
16551
16554
16557
16558
16559
16563
16565
16568
16570
16572
16573
16575
16576
16579
16580
16582
16583
16585
16586
16587
16588
16589
16590
16591
16592
16594
16596
16601
16603
16606
16610
16613
16615
16619
16621
16627
16633
16634
16641
16643
16647
16648
16649
16650
16651
16656
16657
16658
16660
16661
16665
16666
16667
16670
16671
16672
16673
16675
16676
16677
16678
16679
16681
16682
16683
16684
16686
16687
16688
16691
16692
16694
16696
16698
16700
16705
16709
16710
16711
16715
16717
16725
16728
16731
16734
16735
16736
16737
16739
16740
16745
16748
16749
16750
16755
16758
16762
16765
16766
16769
16770
16777
16778
16781
16784
16785
16787
16791
16793
16794
16795
16796
16797
16798
16802
16803
16804
16805
16806
16808
16809
16810
16811
16812
16813
16817
16821
16824
16826
16827
16828
16830
16832
16837
16851
16853
16854
16858
16859
16860
16861
16865
16866
16867
16869
16870
16872
16874
16876
16878
16885
16886
16887
16888
16889
16890
16891
16893
16901
16902
16911
16915
16916
16918
16919
16926
16932
16934
16939
16944
16946
16948
16950
16951
16952
16954
16956
16957
16958
16959
16961
16962
16963
16964
16967
16971
16978
16980
16986
16987
16989
16991
16997
16998
16999
17000
17001
17002
17004
17008
17011
17012
17015
17016
17018
17019
17020
17026
17027
17030
17031
17033
17035
17036
17038
17044
17045
17049
17050
17051
17053
17054
17055
17061
17062
17063
17064
17067
17070
17071
17072
17074
17075
17079
17082
17084
17087
17089
17090
17093
17098
17099
17103
17109
17110
17112
17113
17114
17115
17116
17121
17122
17123
17125
17126
17127
17130
17131
17132
17133
17134
17136
17137
17138
17144
17145
17147
17154
17156
17157
17159
17160
17162
17166
17168
17169
17171
17172
17174
17177
17182
17184
17187
17188
17190
17191
17193
17195
17197
17201
17203
17205
17208
17216
17219
17220
17221
17223
17225
17226
17228
17232
17234
17239
17240
17250
17252
17256
17272
17285
17288
17290
17292
17294
17296
17302
17303
17310
17313
17318
17319
17321
17326
17328
17333
17334
17335
17339
17347
17348
17354
17355
17356
17360
17361
17363
17365
17366
17368
17372
17377
17378
17383
17385
17386
17387
17390
17391
17394
17397
17399
17400
17401
17408
17410
17419
17421
17426
17427
17438
17446
17448
17452
17458
17462
17465
17472
17475
17478
17484
17489
17491
17492
17498
17499
17505
17508
17512
17517
17525
17527
17531
17535
17536
17537
17538
17539
17547
17548
17560
17576
17577
17578
17579
17582
17583
17584
17587
17588
17589
17590
17591
17592
17593
17594
17598
17600
17601
17605
17609
17612
17615
17616
17619
17621
17624
17649
17650
17655
17660
17665
17667
17670
17677
17679
17683
17685
17688
17689
17691
17692
17694
17695
17697
17700
17701
17702
17703
17704
17708
17712
17713
17714
17717
17721
17724
17725
17734
17735
17740
17742
17743
17746
17747
17749
17750
17753
17760
17761
17766
17767
17788
17790
17792
17793
17794
17797
17800
17801
17802
17804
17808
17810
17811
17814
17817
17820
17825
17827
17828
17834
17837
17838
17841
17843
17845
17848
17854
17855
17858
17859
17860
17861
17864
17871
17872
17875
17876
17881
17883
17886
17890
17894
17896
17899
17904
17911
17914
17926
17927
17934
17936
17942
17945
17946
17947
17951
17961
17963
17969
17972
17973
17976
17978
17980
17989
17991
17996
18004
18050
18073
18081
18085
18086
18097
18098
18127
18150
18151
18152
18153
18155
18156
18162
18168
18169
18172
18177
18179
18181
18183
18188
18192
18195
18197
18198
18199
18200
18204
18215
18218
18219
18221
18222
18223
18224
18225
18235
18239
18240
18241
18243
18245
18248
18265
18269
18293
18294
18300
18306
18317
18324
18334
18336
18340
18345
18360
18361
18362
18370
18371
18376
18378
18380
18384
18387
18390
18394
18396
18402
18415
18417
18420
18423
18433
18434
18441
18448
18462
18464
18467
18468
18472
18473
18479
18486
18488
18489
18492
18495
18501
18502
18517
18519
18520
18521
18522
18525
18529
18533
18536
18540
18548
18550
18554
18558
18560
18565
18581
18605
18607
18621
18646
18666
18680
18686
18695
18698
18707
18711
18712
18715
18718
18719
18722
18728
18736
18741
18742
18760
18761
18766
18768
18769
18772
18775
18779
18782
18788
18799
18806
18808
18814
18819
18838
18845
18850
18852
18853
18862
18866
18878
18880
18901
18904
18905
18914
18915
18919
18923
18924
18927
18929
18930
18944
18946
18949
18953
18960
18963
18973
18980
18984
18992
18993
18999
19002
19005
19015
19016
19022
19033
19034
19040
19041
19046
19062
19110
19111
19114
19116
19120
19121
19123
19124
19129
19133
19134
19136
19147
19149
19160
19165
19167
19174
19176
19181
19190
19193
19195
19198
19199
19202
19203
19211
19213
19214
19216
19217
19222
19224
19227
19229
19233
19234
19235
19236
19238
19243
19244
19253
19255
19256
19262
19263
19280
19295
19303
19305
19306
19312
19315
19320
19321
19328
19334
19336
19343
19345
19346
19348
