1
4
5
6
9
11
13
16
20
24
25
30
37
38
45
47
48
59
69
71
74
76
77
83
84
86
88
92
95
98
99
100
101
103
104
105
106
107
108
109
110
112
118
121
122
127
128
129
131
132
133
134
136
137
139
148
150
151
154
158
160
162
163
165
166
169
170
172
174
175
176
177
178
181
183
192
194
195
202
203
204
205
206
208
210
217
220
221
226
227
228
237
238
239
242
243
244
245
246
248
256
259
260
264
268
270
271
272
273
274
276
278
281
282
288
291
293
296
305
307
308
310
311
314
317
323
325
328
329
331
332
334
338
340
349
350
353
356
357
361
363
364
365
367
372
374
376
380
381
382
383
386
387
388
393
394
396
397
398
401
402
406
409
414
417
418
419
420
424
425
427
429
430
432
435
439
442
444
446
447
450
451
452
453
455
457
460
462
464
467
469
470
473
474
476
477
480
483
485
487
488
490
493
495
498
501
502
504
506
508
509
511
513
514
515
516
519
520
521
525
526
529
530
531
535
536
544
551
552
554
556
558
561
564
565
572
573
580
582
583
597
598
600
610
611
613
616
618
621
624
625
627
632
638
639
644
645
651
654
661
663
674
681
690
692
699
703
705
706
711
717
718
720
721
726
731
732
737
739
747
748
749
750
751
752
753
754
759
760
762
764
765
767
769
770
773
776
778
781
782
783
787
791
795
796
800
802
805
809
817
818
822
823
826
830
831
834
835
837
840
841
842
851
853
857
859
867
869
873
874
877
880
882
883
889
890
893
894
896
898
899
900
904
905
908
912
913
914
919
920
921
922
923
928
929
930
933
934
935
936
937
938
939
940
941
942
943
946
947
948
949
950
953
954
955
958
960
966
968
975
977
978
981
984
987
988
989
991
993
995
996
997
998
999
1000
1001
1002
1003
1004
1006
1011
1013
1016
1022
1026
1029
1032
1033
1037
1038
1040
1041
1042
1043
1044
1049
1050
1054
1065
1067
1069
1071
1074
1076
1077
1084
1085
1086
1088
1091
1092
1093
1095
1096
1097
1098
1100
1102
1104
1105
1106
1111
1112
1115
1116
1121
1122
1124
1127
1133
1134
1137
1140
1142
1143
1146
1147
1148
1150
1157
1160
1164
1166
1172
1173
1175
1177
1178
1179
1180
1181
1182
1183
1184
1193
1195
1201
1204
1206
1214
1215
1217
1218
1225
1226
1227
1228
1229
1230
1232
1236
1237
1248
1249
1251
1252
1256
1258
1260
1263
1264
1265
1268
1269
1271
1279
1280
1281
1284
1285
1286
1289
1290
1293
1294
1295
1297
1299
1300
1304
1305
1307
1308
1309
1311
1316
1319
1320
1326
1332
1334
1335
1338
1339
1342
1343
1345
1346
1347
1348
1350
1351
1352
1354
1356
1359
1361
1362
1363
1364
1367
1370
1371
1376
1377
1378
1380
1393
1395
1396
1399
1402
1403
1404
1407
1409
1412
1413
1420
1426
1428
1429
1434
1435
1436
1437
1438
1440
1446
1449
1450
1454
1455
1456
1457
1458
1462
1474
1475
1479
1483
1485
1487
1495
1498
1503
1504
1505
1506
1507
1508
1509
1510
1512
1517
1521
1525
1526
1529
1530
1531
1532
1533
1535
1536
1540
1542
1544
1552
1556
1559
1560
1565
1567
1568
1569
1571
1572
1574
1575
1582
1588
1593
1597
1598
1600
1601
1602
1603
1604
1605
1607
1608
1609
1610
1611
1613
1614
1615
1617
1620
1626
1632
1634
1638
1639
1644
1646
1650
1652
1653
1654
1655
1660
1661
1663
1664
1665
1666
1671
1672
1674
1676
1680
1685
1694
1697
1698
1701
1702
1703
1708
1711
1712
1713
1714
1715
1720
1722
1724
1726
1735
1737
1739
1743
1747
1748
1749
1751
1755
1756
1758
1760
1761
1762
1766
1767
1768
1769
1770
1772
1773
1778
1783
1786
1787
1793
1795
1796
1798
1799
1800
1802
1804
1806
1808
1809
1814
1818
1819
1820
1821
1822
1829
1833
1834
1835
1836
1838
1841
1844
1847
1848
1850
1852
1854
1855
1857
1860
1864
1865
1866
1870
1872
1873
1874
1876
1877
1878
1882
1886
1887
1888
1891
1892
1894
1895
1896
1897
1900
1901
1902
1903
1905
1906
1907
1908
1910
1911
1912
1915
1916
1917
1918
1919
1920
1921
1923
1927
1928
1930
1934
1944
1946
1949
1954
1956
1959
1962
1965
1968
1969
1970
1972
1973
1975
1976
1983
1984
1985
1988
1990
1991
1998
1999
2001
2002
2004
2006
2008
2014
2015
2016
2019
2020
2029
2031
2032
2034
2036
2037
2038
2039
2040
2041
2042
2043
2044
2045
2047
2048
2049
2050
2054
2060
2062
2063
2064
2065
2066
2067
2068
2069
2070
2071
2073
2074
2077
2078
2079
2080
2081
2082
2092
2094
2098
2103
2104
2105
2107
2108
2111
2113
2114
2116
2117
2119
2120
2121
2124
2126
2127
2128
2130
2132
2135
2140
2141
2148
2152
2153
2155
2158
2174
2176
2178
2179
2180
2181
2182
2183
2184
2185
2186
2187
2188
2190
2191
2192
2193
2194
2195
2197
2199
2200
2201
2202
2203
2204
2205
2206
2207
2209
2210
2211
2212
2213
2219
2220
2222
2224
2226
2228
2229
2233
2234
2238
2240
2241
2243
2248
2249
2250
2251
2252
2253
2254
2256
2257
2258
2263
2268
2269
2270
2271
2272
2273
2274
2281
2282
2284
2285
2289
2291
2295
2298
2299
2300
2304
2309
2315
2318
2319
2320
2321
2322
2323
2324
2325
2326
2327
2328
2329
2330
2331
2333
2334
2335
2337
2339
2343
2345
2348
2349
2350
2352
2353
2354
2358
2359
2361
2362
2366
2369
2370
2374
2380
2381
2382
2385
2386
2387
2389
2390
2391
2394
2395
2396
2400
2401
2403
2408
2410
2413
2416
2417
2418
2419
2420
2427
2430
2431
2433
2434
2435
2439
2441
2442
2448
2450
2452
2453
2454
2455
2457
2459
2461
2468
2471
2473
2474
2476
2477
2479
2483
2484
2486
2487
2489
2493
2495
2496
2499
2502
2504
2505
2506
2507
2508
2509
2510
2513
2515
2516
2519
2520
2524
2527
2528
2529
2530
2531
2533
2535
2538
2540
2542
2543
2546
2551
2553
2554
2557
2558
2559
2560
2562
2563
2564
2566
2567
2569
2573
2575
2578
2580
2585
2586
2589
2592
2593
2594
2596
2598
2599
2600
2601
2602
2603
2604
2605
2606
2608
2609
2610
2612
2613
2614
2615
2617
2618
2619
2620
2621
2622
2623
2624
2625
2626
2627
2629
2632
2634
2637
2641
2642
2643
2645
2646
2652
2654
2657
2658
2659
2660
2665
2666
2668
2670
2671
2673
2674
2675
2678
2679
2680
2692
2693
2694
2696
2697
2698
2709
2711
2712
2713
2714
2719
2720
2721
2722
2723
2725
2734
2737
2741
2745
2746
2747
2750
2751
2752
2753
2757
2758
2760
2764
2766
2772
2774
2776
2779
2784
2785
2786
2787
2790
2793
2795
2797
2798
2806
2807
2808
2809
2811
2813
2818
2821
2823
2824
2825
2826
2828
2831
2834
2835
2838
2841
2847
2852
2856
2858
2861
2862
2865
2866
2871
2879
2880
2882
2883
2886
2890
2895
2896
2897
2898
2906
2908
2910
2914
2921
2922
2924
2925
2926
2927
2928
2929
2930
2931
2932
2935
2937
2938
2943
2948
2949
2954
2956
2958
2962
2963
2965
2967
2970
2972
2973
2974
2975
2976
2979
2980
2981
2982
2983
2984
2985
2986
2988
2991
2993
2994
3000
3001
3003
3004
3008
3010
3013
3019
3020
3021
3022
3026
3027
3028
3029
3031
3032
3033
3034
3035
3036
3040
3041
3043
3049
3051
3054
3055
3057
3058
3059
3060
3063
3067
3068
3072
3073
3074
3075
3077
3082
3087
3088
3089
3090
3092
3093
3095
3096
3099
3101
3102
3103
3108
3111
3116
3120
3121
3122
3124
3127
3128
3131
3133
3139
3140
3141
3142
3143
3160
3162
3164
3168
3170
3171
3172
3176
3177
3180
3182
3184
3190
3193
3194
3199
3202
3204
3205
3207
3208
3209
3211
3212
3214
3216
3218
3220
3221
3222
3223
3224
3226
3227
3228
3229
3233
3238
3239
3240
3241
3244
3249
3253
3254
3255
3260
3262
3265
3271
3274
3276
3281
3282
3285
3286
3287
3291
3292
3293
3294
3295
3296
3298
3303
3304
3305
3307
3311
3312
3313
3314
3315
3316
3317
3318
3321
3322
3324
3326
3328
3329
3330
3331
3335
3338
3340
3341
3344
3348
3350
3353
3357
3361
3362
3364
3368
3377
3378
3384
3386
3395
3401
3406
3407
3409
3410
3418
3420
3422
3427
3428
3430
3432
3435
3438
3440
3441
3444
3446
3447
3448
3449
3450
3451
3453
3454
3455
3457
3466
3469
3471
3475
3476
3477
3480
3488
3490
3496
3498
3502
3503
3510
3511
3513
3516
3522
3523
3525
3527
3529
3530
3532
3534
3541
3544
3547
3555
3557
3562
3563
3564
3567
3570
3574
3578
3580
3581
3584
3585
3588
3589
3597
3599
3600
3601
3602
3607
3610
3614
3616
3617
3620
3622
3623
3624
3625
3626
3628
3630
3631
3633
3636
3637
3638
3639
3640
3641
3642
3644
3646
3650
3651
3652
3653
3657
3658
3659
3660
3663
3668
3670
3671
3672
3675
3676
3677
3678
3686
3694
3695
3702
3704
3707
3712
3713
3716
3717
3718
3721
3728
3729
3732
3734
3735
3748
3751
3754
3755
3756
3762
3763
3764
3767
3770
3771
3773
3776
3784
3790
3791
3793
3795
3801
3802
3809
3811
3816
3817
3819
3820
3823
3825
3826
3827
3830
3833
3836
3839
3840
3847
3848
3851
3855
3856
3857
3859
3861
3862
3863
3866
3881
3884
3888
3893
3896
3907
3908
3909
3910
3911
3916
3919
3920
3927
3930
3936
3937
3946
3948
3949
3952
3956
3965
3966
3968
3969
3973
3979
3980
3985
3987
3988
3992
3993
3995
4003
4006
4009
4010
4012
4014
4015
4017
4021
4022
4024
4025
4026
4037
4038
4039
4040
4045
4047
4048
4055
4056
4059
4060
4061
4062
4064
4066
4067
4070
4071
4073
4074
4075
4078
4085
4086
4088
4090
4091
4092
4093
4095
4097
4099
4101
4102
4103
4105
4106
4111
4116
4118
4119
4120
4121
4122
4125
4126
4128
4133
4134
4135
4137
4142
4143
4145
4147
4150
4151
4152
4153
4156
4158
4159
4160
4163
4164
4165
4170
4171
4174
4175
4177
4178
4181
4184
4190
4191
4201
4203
4205
4206
4208
4209
4210
4212
4213
4214
4215
4217
4218
4221
4224
4231
4233
4239
4241
4242
4247
4249
4252
4254
4257
4258
4259
4260
4262
4263
4265
4266
4267
4268
4269
4271
4272
4273
4274
4276
4277
4278
4279
4280
4282
4283
4285
4287
4289
4290
4293
4294
4297
4299
4304
4307
4308
4309
4312
4313
4315
4319
4320
4321
4322
4323
4326
4327
4329
4335
4337
4339
4342
4343
4345
4349
4351
4360
4362
4365
4371
4374
4375
4376
4378
4383
4391
4393
4394
4396
4398
4401
4403
4404
4405
4408
4409
4411
4417
4419
4420
4423
4424
4427
4428
4429
4436
4439
4440
4443
4444
4446
4449
4452
4453
4454
4456
4458
4459
4460
4466
4471
4474
4476
4480
4481
4483
4484
4485
4487
4490
4492
4493
4496
4501
4504
4505
4508
4510
4512
4513
4515
4516
4517
4518
4519
4520
4521
4522
4524
4525
4526
4527
4528
4530
4543
4547
4548
4550
4552
4553
4554
4555
4556
4557
4558
4560
4564
4565
4568
4572
4574
4575
4582
4585
4586
4592
4595
4596
4597
4598
4600
4609
4611
4617
4621
4622
4623
4624
4628
4631
4632
4635
4642
4645
4649
4650
4665
4670
4673
4677
4680
4682
4685
4686
4691
4693
4696
4699
4700
4704
4707
4712
4713
4715
4718
4720
4726
4729
4739
4746
4750
4752
4753
4754
4755
4756
4758
4760
4761
4762
4764
4765
4766
4772
4775
4778
4779
4780
4782
4784
4787
4788
4789
4793
4795
4800
4802
4806
4808
4810
4811
4812
4815
4816
4820
4825
4827
4828
4829
4830
4836
4842
4843
4844
4845
4847
4849
4851
4852
4853
4856
4858
4859
4863
4866
4867
4868
4869
4871
4873
4874
4875
4877
4881
4882
4886
4887
4898
4907
4908
4914
4916
4920
4921
4923
4924
4929
4930
4936
4939
4941
4943
4953
4955
4957
4959
4960
4963
4965
4966
4968
4969
4972
4973
4974
4977
4981
4983
4985
4990
4991
4996
4998
5003
5005
5006
5007
5008
5012
5013
5019
5020
5023
5024
5025
5030
5033
5034
5035
5037
5044
5047
5048
5049
5055
5056
5062
5063
5065
5067
5075
5077
5078
5079
5081
5091
5092
5093
5094
5096
5097
5098
5100
5101
5102
5104
5107
5110
5112
5113
5114
5116
5117
5118
5119
5122
5123
5124
5126
5127
5128
5132
5135
5138
5139
5145
5147
5149
5154
5157
5161
5162
5166
5169
5173
5176
5182
5186
5188
5192
5194
5196
5202
5204
5207
5210
5212
5214
5217
5219
5221
5236
5237
5239
5240
5247
5250
5257
5261
5262
5264
5265
5270
5271
5272
5278
5280
5281
5283
5287
5289
5293
5302
5303
5304
5310
5316
5317
5321
5324
5329
5330
5336
5339
5341
5344
5346
5351
5354
5359
5362
5363
5365
5366
5370
5371
5373
5375
5380
5381
5383
5384
5386
5388
5390
5392
5393
5399
5400
5401
5402
5406
5407
5409
5413
5416
5417
5418
5421
5422
5423
5427
5428
5430
5431
5432
5434
5435
5436
5437
5438
5439
5440
5441
5442
5443
5444
5445
5446
5447
5448
5449
5450
5451
5452
5453
5454
5455
5456
5457
5458
5459
5460
5461
5462
5463
5464
5465
5466
5467
5468
5469
5470
5471
5472
5473
5474
5477
5478
5479
5480
5481
5482
5483
5484
5487
5489
5491
5496
5498
5500
5502
5503
5507
5508
5510
5511
5519
5520
5527
5529
5530
5532
5536
5539
5542
5547
5548
5552
5553
5563
5564
5568
5575
5576
5577
5580
5583
5584
5588
5589
5590
5592
5594
5595
5597
5605
5609
5611
5613
5615
5616
5619
5621
5627
5629
5630
5635
5642
5643
5654
5656
5657
5659
5660
5661
5665
5668
5670
5674
5678
5680
5681
5684
5685
5686
5687
5688
5692
5695
5700
5701
5702
5703
5704
5707
5708
5709
5710
5711
5715
5717
5718
5721
5726
5728
5729
5734
5738
5739
5743
5746
5748
5749
5750
5751
5754
5755
5756
5761
5762
5763
5765
5766
5769
5776
5779
5780
5783
5788
5789
5790
5792
5795
5796
5801
5802
5803
5804
5807
5810
5815
5816
5818
5823
5825
5826
5827
5829
5830
5835
5839
5841
5844
5846
5849
5852
5857
5858
5860
5863
5864
5866
5867
5870
5885
5886
5888
5889
5890
5893
5898
5900
5904
5905
5906
5907
5908
5911
5912
5913
5915
5916
5917
5919
5920
5921
5922
5927
5933
5934
5935
5936
5940
5942
5943
5946
5947
5949
5951
5957
5959
5967
5971
5975
5976
5978
5979
5981
5982
5983
5984
5985
5988
5991
5994
5995
6001
6003
6004
6005
6006
6009
6011
6012
6017
6019
6023
6026
6027
6029
6033
6034
6035
6038
6040
6044
6048
6052
6053
6054
6055
6058
6059
6062
6063
6071
6073
6077
6081
6090
6096
6097
6102
6103
6104
6105
6106
6108
6109
6116
6119
6120
6121
6128
6131
6132
6133
6136
6137
6138
6141
6143
6145
6146
6159
6164
6167
6168
6169
6172
6173
6174
6176
6179
6182
6185
6187
6189
6192
6196
6198
6201
6203
6206
6207
6209
6214
6219
6221
6227
6228
6230
6231
6232
6233
6235
6238
6242
6243
6247
6251
6254
6262
6264
6267
6269
6273
6276
6277
6279
6280
6281
6282
6283
6286
6293
6296
6298
6299
6300
6304
6305
6311
6317
6318
6322
6326
6328
6329
6330
6331
6332
6334
6336
6345
6346
6349
6350
6354
6355
6363
6366
6367
6369
6370
6372
6373
6375
6380
6381
6383
6385
6387
6390
6394
6395
6399
6402
6405
6406
6410
6412
6414
6416
6418
6419
6421
6422
6424
6425
6427
6432
6433
6435
6436
6443
6445
6447
6448
6449
6452
6456
6457
6461
6465
6466
6469
6470
6473
6474
6475
6478
6480
6481
6482
6484
6485
6488
6489
6490
6492
6493
6494
6501
6503
6504
6505
6506
6507
6509
6512
6516
6519
6521
6524
6527
6529
6533
6534
6536
6538
6540
6542
6544
6551
6564
6565
6571
6572
6576
6584
6589
6590
6596
6597
6598
6599
6601
6603
6605
6609
6613
6617
6619
6621
6623
6629
6634
6636
6642
6644
6646
6651
6655
6657
6659
6663
6667
6668
6669
6670
6673
6674
6675
6676
6677
6678
6684
6687
6688
6692
6694
6695
6697
6698
6706
6714
6715
6717
6718
6730
6731
6732
6734
6735
6736
6740
6743
6746
6752
6754
6761
6766
6769
6771
6773
6774
6775
6779
6782
6786
6789
6794
6795
6796
6800
6801
6804
6805
6806
6807
6811
6812
6813
6814
6819
6820
6830
6834
6835
6836
6838
6839
6840
6843
6847
6852
6854
6858
6859
6860
6862
6863
6869
6870
6871
6880
6883
6884
6885
6886
6889
6891
6893
6894
6907
6908
6909
6916
6917
6923
6927
6928
6931
6933
6934
6935
6936
6938
6942
6944
6947
6948
6949
6952
6954
6955
6956
6962
6966
6971
6974
6977
6978
6985
6987
6991
6992
6995
6996
6997
7000
7002
7004
7006
7007
7009
7010
7011
7015
7018
7019
7022
7024
7029
7031
7033
7034
7035
7039
7044
7048
7050
7054
7058
7060
7063
7065
7069
7079
7080
7082
7086
7088
7091
7093
7099
7102
7104
7106
7107
7108
7109
7111
7115
7118
7125
7132
7136
7137
7142
7143
7144
7145
7148
7149
7150
7152
7153
7154
7164
7165
7166
7167
7168
7170
7172
7173
7175
7179
7183
7186
7189
7190
7193
7196
7199
7202
7203
7204
7205
7209
7210
7216
7218
7222
7225
7226
7229
7230
7231
7232
7233
7235
7238
7239
7242
7246
7250
7251
7252
7257
7259
7260
7264
7267
7269
7270
7271
7273
7280
7282
7285
7286
7287
7290
7297
7300
7302
7303
7305
7307
7315
7317
7323
7324
7335
7336
7339
7340
7350
7355
7356
7357
7359
7360
7362
7367
7369
7372
7376
7386
7389
7390
7393
7394
7395
7396
7397
7398
7400
7402
7405
7406
7407
7410
7416
7422
7423
7427
7432
7435
7436
7437
7438
7441
7443
7448
7449
7453
7456
7457
7458
7461
7463
7465
7467
7468
7469
7471
7472
7473
7475
7476
7479
7480
7483
7484
7488
7489
7490
7491
7493
7499
7501
7504
7508
7509
7520
7523
7526
7527
7533
7535
7539
7547
7550
7551
7552
7553
7555
7556
7558
7560
7563
7569
7570
7571
7573
7577
7579
7581
7582
7585
7591
7592
7594
7597
7600
7604
7605
7616
7620
7624
7628
7629
7630
7634
7635
7636
7637
7640
7641
7653
7655
7656
7657
7658
7660
7662
7666
7669
7670
7671
7672
7673
7674
7675
7678
7679
7680
7683
7685
7686
7690
7691
7692
7693
7694
7696
7697
7698
7701
7702
7705
7711
7715
7720
7721
7722
7725
7730
7739
7742
7743
7745
7746
7749
7753
7754
7756
7757
7762
7763
7770
7772
7775
7781
7783
7786
7787
7788
7789
7791
7793
7795
7797
7802
7808
7809
7812
7813
7815
7816
7820
7822
7826
7833
7847
7848
7850
7851
7852
7854
7857
7858
7859
7865
7866
7870
7871
7874
7878
7879
7880
7883
7885
7886
7887
7889
7891
7894
7898
7901
7905
7906
7907
7908
7910
7911
7912
7914
7918
7922
7923
7929
7931
7937
7938
7939
7940
7941
7946
7948
7953
7954
7955
7959
7960
7962
7972
7973
7977
7979
7981
7984
7987
7990
7992
7993
7998
7999
8005
8006
8008
8009
8012
8013
8014
8016
8017
8022
8023
8029
8031
8032
8033
8034
8035
8036
8037
8043
8045
8047
8050
8055
8057
8058
8060
8065
8066
8069
8070
8073
8076
8082
8087
8089
8090
8092
8093
8100
8101
8104
8105
8108
8115
8120
8125
8126
8129
8131
8137
8142
8143
8147
8150
8155
8162
8166
8168
8169
8177
8182
8184
8186
8187
8188
8195
8196
8201
8202
8203
8207
8210
8212
8213
8214
8216
8222
8226
8228
8231
8233
8234
8236
8238
8244
8245
8248
8249
8250
8253
8256
8258
8259
8261
8264
8267
8271
8283
8284
8285
8286
8288
8290
8293
8295
8296
8301
8303
8304
8308
8310
8314
8319
8320
8322
8325
8326
8327
8328
8330
8331
8333
8334
8337
8339
8340
8342
8344
8346
8347
8349
8350
8351
8354
8355
8357
8362
8364
8370
8371
8374
8377
8379
8385
8386
8387
8388
8391
8394
8396
8397
8401
8403
8404
8406
8410
8411
8412
8414
8415
8416
8418
8419
8420
8421
8422
8423
8424
8427
8436
8441
8445
8446
8452
8454
8455
8456
8457
8458
8459
8460
8464
8471
8473
8474
8479
8480
8482
8485
8488
8489
8491
8492
8497
8498
8501
8505
8507
8508
8509
8515
8516
8517
8519
8521
8523
8525
8528
8531
8538
8539
8540
8541
8543
8548
8555
8560
8568
8569
8575
8578
8582
8583
8587
8590
8594
8597
8604
8608
8612
8618
8620
8623
8625
8628
8631
8634
8635
8636
8640
8643
8645
8651
8654
8655
8657
8659
8660
8665
8668
8669
8671
8677
8685
8692
8694
8695
8697
8698
8699
8702
8708
8709
8713
8716
8718
8719
8720
8721
8722
8723
8725
8726
8727
8729
8730
8731
8733
8736
8737
8738
8739
8740
8742
8747
8751
8752
8753
8754
8755
8757
8758
8759
8761
8769
8771
8772
8781
8782
8784
8788
8789
8790
8791
8794
8795
8796
8797
8798
8799
8801
8806
8807
8808
8809
8810
8811
8812
8814
8815
8818
8820
8822
8823
8824
8826
8828
8832
8833
8834
8835
8836
8837
8838
8839
8840
8841
8843
8844
8849
8850
8851
8852
8854
8855
8856
8857
8858
8859
8860
8861
8862
8863
8864
8865
8866
8868
8869
8870
8871
8872
8873
8877
8878
8879
8886
8888
8890
8892
8899
8904
8905
8907
8910
8916
8918
8919
8923
8926
8927
8928
8931
8934
8936
8937
8945
8948
8950
8952
8954
8956
8965
8967
8969
8972
8973
8974
8975
8980
8987
8989
8990
8992
8994
8995
8997
9000
9004
9006
9007
9009
9011
9014
9015
9018
9020
9021
9022
9024
9025
9026
9027
9028
9029
9030
9031
9032
9033
9037
9039
9044
9046
9047
9052
9056
9063
9064
9065
9066
9069
9070
9071
9072
9075
9076
9087
9088
9091
9093
9095
9096
9097
9098
9099
9101
9102
9105
9108
9109
9113
9114
9115
9116
9118
9120
9121
9122
9124
9125
9130
9132
9133
9135
9136
9139
9141
9147
9149
9151
9156
9158
9161
9162
9167
9169
9171
9173
9176
9177
9180
9185
9187
9195
9196
9198
9199
9202
9205
9206
9209
9211
9212
9215
9216
9220
9222
9226
9228
9232
9233
9234
9235
9238
9241
9250
9251
9252
9253
9256
9257
9261
9266
9268
9270
9271
9272
9275
9277
9278
9286
9288
9295
9301
9302
9303
9305
9306
9307
9308
9310
9311
9312
9313
9314
9315
9317
9325
9329
9330
9331
9332
9333
9335
9336
9343
9344
9345
9348
9349
9351
9352
9354
9355
9357
9358
9360
9364
9367
9368
9370
9376
9377
9378
9379
9385
9386
9389
9390
9391
9392
9393
9394
9395
9396
9397
9398
9399
9402
9408
9410
9412
9415
9417
9422
9429
9432
9433
9435
9437
9438
9441
9442
9443
9448
9449
9451
9453
9455
9457
9460
9461
9464
9465
9467
9474
9476
9479
9480
9482
9483
9485
9486
9488
9489
9490
9494
9495
9497
9499
9501
9508
9513
9515
9516
9518
9520
9532
9537
9538
9544
9551
9554
9555
9556
9557
9558
9560
9569
9570
9571
9579
9582
9587
9589
9591
9593
9595
9596
9598
9599
9601
9602
9603
9605
9608
9609
9614
9617
9620
9621
9625
9626
9629
9632
9638
9640
9641
9642
9643
9647
9649
9653
9654
9658
9662
9667
9673
9680
9681
9684
9685
9693
9694
9695
9696
9697
9704
9706
9711
9713
9715
9720
9722
9728
9734
9739
9740
9743
9746
9747
9752
9754
9756
9763
9764
9765
9767
9768
9769
9770
9771
9773
9775
9778
9786
9797
9799
9800
9803
9807
9808
9809
9813
9822
9825
9829
9834
9837
9838
9839
9841
9847
9848
9851
9853
9854
9861
9864
9875
9876
9879
9882
9883
9887
9889
9893
9894
9896
9897
9898
9899
9911
9914
9916
9918
9919
9921
9922
9923
9924
9925
9926
9928
9929
9934
9935
9937
9938
9942
9944
9951
9952
9956
9960
9961
9963
9965
9969
9970
9972
9974
9977
9988
9989
9993
9996
9998
9999
10003
10004
10005
10010
10011
10016
10018
10019
10020
10021
10025
10027
10033
10034
10035
10039
10044
10048
10049
10050
10051
10056
10062
10065
10070
10078
10081
10085
10086
10089
10091
10092
10098
10099
10101
10102
10104
10105
10107
10109
10110
10112
10115
10116
10117
10118
10120
10121
10122
10127
10130
10133
10134
10136
10137
10138
10140
10141
10142
10146
10153
10156
10157
10158
10162
10163
10164
10165
10166
10167
10173
10174
10175
10179
10182
10183
10184
10186
10188
10191
10192
10195
10200
10207
10225
10226
10234
10241
10243
10244
10245
10249
10252
10253
10261
10265
10271
10272
10275
10277
10278
10280
10284
10287
10291
10294
10295
10296
10297
10298
10299
10300
10303
10306
10308
10311
10314
10316
10321
10322
10325
10326
10327
10329
10335
10336
10338
10341
10345
10352
10353
10354
10357
10363
10366
10373
10374
10376
10379
10381
10383
10384
10385
10387
10388
10390
10398
10399
10402
10404
10405
10407
10409
10413
10417
10421
10423
10427
10428
10430
10431
10432
10433
10437
10440
10442
10445
10449
10451
10455
10462
10464
10465
10471
10483
10484
10485
10486
10491
10492
10494
10495
10496
10498
10501
10504
10505
10506
10511
10512
10515
10519
10520
10521
10525
10531
10532
10535
10536
10541
10552
10554
10556
10557
10558
10560
10561
10562
10567
10570
10575
10576
10577
10578
10580
10585
10586
10588
10590
10594
10596
10599
10607
10608
10616
10617
10619
10623
10625
10627
10629
10630
10632
10635
10636
10637
10639
10640
10642
10643
10645
10646
10649
10650
10653
10657
10661
10663
10665
10666
10669
10670
10674
10676
10683
10691
10693
10694
10695
10696
10697
10698
10699
10700
10702
10704
10705
10706
10707
10709
10710
10712
10718
10719
10720
10723
10724
10725
10727
10731
10732
10733
10736
10739
10740
10741
10743
10748
10750
10751
10752
10766
10768
10770
10776
10777
10779
10782
10786
10788
10789
10790
10792
10794
10796
10799
10802
10804
10810
10813
10816
10818
10820
10821
10824
10827
10833
10836
10839
10841
10842
10843
10851
10852
10857
10860
10861
10864
10865
10871
10873
10874
10880
10883
10884
10888
10895
10898
10903
10906
10907
10909
10912
10916
10919
10920
10925
10927
10928
10932
10935
10939
10940
10942
10943
10944
10945
10946
10949
10952
10953
10954
10960
10964
10968
10970
10972
10973
10974
10980
10982
10983
10984
10985
10987
10989
10994
10997
10998
11005
11006
11007
11012
11013
11014
11015
11016
11017
11018
11020
11022
11041
11042
11043
11044
11045
11046
11047
11048
11049
11051
11052
11053
11070
11072
11074
11077
11078
11079
11080
11085
11088
11091
11093
11094
11095
11098
11099
11103
11104
11106
11109
11110
11111
11112
11115
11118
11123
11124
11126
11132
11136
11137
11138
11140
11141
11143
11144
11146
11148
11149
11154
11155
11158
11163
11164
11165
11169
11170
11171
11174
11177
11180
11183
11185
11187
11188
11190
11193
11194
11195
11200
11202
11204
11206
11208
11211
11212
11217
11220
11224
11225
11226
11228
11229
11232
11233
11240
11241
11246
11248
11252
11253
11254
11257
11260
11262
11263
11265
11266
11270
11271
11273
11275
11278
11280
11284
11286
11292
11293
11294
11295
11297
11300
11301
11303
11304
11306
11307
11309
11317
11318
11319
11323
11324
11327
11329
11339
11342
11346
11347
11348
11350
11351
11353
11356
11363
11364
11366
11368
11369
11370
11372
11378
11379
11381
11382
11385
11390
11391
11393
11394
11401
11404
11405
11406
11407
11408
11409
11410
11416
11420
11421
11424
11428
11429
11432
11433
11435
11436
11440
11442
11443
11445
11446
11447
11448
11450
11451
11452
11454
11455
11456
11457
11458
11462
11464
11466
11471
11473
11474
11476
11478
11480
11481
11482
11486
11487
11489
11490
11491
11493
11495
11498
11499
11501
11503
11507
11513
11515
11516
11519
11521
11522
11523
11527
11529
11532
11535
11537
11538
11539
11543
11546
11547
11550
11553
11556
11558
11561
11563
11564
11565
11566
11568
11569
11571
11574
11577
11578
11579
11580
11581
11582
11585
11588
11591
11596
11598
11599
11602
11611
11612
11616
11618
11619
11624
11625
11627
11629
11631
11632
11637
11639
11641
11642
11643
11646
11652
11655
11656
11657
11661
11662
11664
11669
11671
11673
11674
11679
11681
11682
11683
11691
11693
11697
11699
11700
11701
11702
11706
11708
11714
11715
11717
11719
11721
11723
11724
11727
11728
11729
11730
11731
11733
11734
11735
11737
11741
11742
11744
11745
11749
11750
11752
11755
11756
11758
11759
11762
11764
11766
11767
11769
11770
11779
11780
11787
11790
11791
11795
11797
11801
11804
11809
11811
11814
11818
11821
11822
11823
11825
11827
11829
11830
11832
11834
11836
11843
11844
11846
11848
11850
11852
11854
11858
11859
11860
11861
11862
11863
11867
11868
11871
11874
11875
11877
11878
11879
11880
11888
11889
11890
11892
11900
11901
11902
11904
11905
11907
11908
11909
11911
11913
11915
11916
11920
11921
11922
11925
11927
11928
11930
11932
11936
11937
11938
11940
11941
11942
11946
11947
11949
11952
11954
11955
11958
11959
11961
11962
11963
11964
11968
11971
11977
11979
11980
11982
11985
11988
11989
11990
11991
11992
11994
12002
12003
12007
12008
12009
12011
12012
12014
12016
12018
12019
12021
12022
12024
12025
12026
12028
12029
12031
12034
12035
12036
12041
12044
12047
12049
12050
12051
12052
12057
12061
12068
12069
12074
12075
12080
12091
12092
12094
12095
12101
12102
12106
12111
12113
12114
12116
12117
12120
12121
12123
12128
12129
12130
12131
12133
12134
12136
12138
12139
12140
12141
12144
12147
12148
12155
12156
12157
12162
12163
12166
12168
12170
12174
12176
12177
12178
12180
12182
12183
12188
12200
12201
12203
12204
12207
12210
12212
12216
12218
12225
12230
12232
12235
12237
12239
12243
12244
12249
12252
12254
12257
12261
12263
12264
12265
12267
12269
12270
12273
12274
12276
12277
12278
12279
12280
12283
12285
12289
12292
12294
12296
12297
12299
12301
12302
12308
12313
12314
12315
12317
12319
12320
12322
12323
12324
12325
12331
12334
12338
12339
12340
12341
12344
12346
12347
12348
12349
12350
12351
12352
12353
12354
12355
12356
12358
12359
12366
12367
12370
12371
12374
12375
12376
12377
12378
12379
12380
12381
12382
12384
12385
12386
12387
12390
12391
12392
12398
12401
12402
12404
12407
12408
12409
12415
12419
12422
12423
12425
12426
12435
12436
12437
12438
12439
12441
12448
12451
12458
12463
12464
12470
12471
12476
12479
12480
12481
12483
12485
12488
12489
12490
12491
12493
12501
12502
12504
12507
12508
12515
12516
12523
12524
12525
12526
12529
12530
12531
12535
12537
12538
12542
12544
12552
12553
12556
12560
12563
12564
12567
12570
12572
12575
12576
12578
12579
12580
12581
12582
12587
12588
12589
12594
12595
12596
12598
12599
12601
12606
12607
12613
12619
12621
12622
12629
12632
12633
12637
12638
12639
12640
12651
12652
12657
12659
12661
12662
12665
12668
12669
12670
12671
12672
12673
12680
12691
12699
12701
12702
12705
12706
12708
12711
12713
12714
12717
12719
12720
12723
12732
12733
12738
12739
12743
12744
12745
12746
12747
12748
12751
12753
12755
12758
12759
12768
12770
12772
12773
12775
12776
12779
12780
12781
12784
12791
12797
12802
12812
12814
12815
12816
12821
12827
12828
12829
12836
12840
12841
12845
12848
12854
12855
12857
12860
12861
12862
12863
12865
12871
12873
12876
12879
12880
12883
12885
12887
12889
12891
12892
12896
12901
12902
12904
12905
12906
12908
12909
12912
12914
12917
12920
12922
12923
12926
12929
12930
12933
12934
12935
12938
12939
12942
12944
12945
12946
12947
12948
12949
12950
12951
12952
12953
12954
12955
12956
12957
12958
12959
12960
12961
12962
12963
12964
12965
12966
12967
12971
12973
12978
12980
12981
12987
12992
12993
12995
12997
12999
13001
13002
13007
13011
13012
13015
13018
13023
13025
13026
13031
13032
13035
13036
13038
13039
13040
13042
13044
13051
13054
13056
13057
13061
13062
13064
13066
13067
13069
13070
13071
13072
13073
13077
13079
13081
13083
13084
13088
13090
13091
13092
13093
13094
13095
13103
13109
13114
13115
13116
13124
13125
13127
13128
13129
13131
13135
13137
13138
13147
13149
13151
13152
13155
13156
13157
13159
13163
13168
13172
13173
13174
13177
13182
13183
13184
13185
13187
13189
13190
13196
13199
13203
13207
13211
13212
13221
13223
13224
13227
13229
13231
13232
13233
13234
13235
13236
13237
13238
13239
13243
13244
13248
13249
13253
13254
13257
13260
13261
13265
13267
13271
13272
13273
13277
13282
13285
13286
13287
13288
13290
13291
13292
13295
13299
13300
13301
13302
13305
13307
13310
13312
13316
13320
13324
13327
13333
13338
13339
13342
13343
13350
13351
13354
13355
13361
13363
13364
13365
13368
13370
13372
13373
13375
13376
13385
13390
13396
13397
13398
13399
13400
13401
13402
13406
13413
13416
13418
13419
13421
13422
13427
13432
13433
13440
13441
13442
13443
13455
13457
13460
13461
13462
13463
13464
13466
13469
13473
13474
13476
13481
13482
13488
13489
13493
13495
13496
13501
13502
13503
13504
13505
13506
13509
13511
13514
13519
13520
13523
13525
13527
13528
13530
13532
13535
13537
13539
13540
13541
13542
13545
13546
13549
13550
13553
13556
13557
13560
13561
13565
13567
13568
13570
13572
13576
13577
13578
13583
13584
13585
13587
13591
13596
13601
13604
13605
13606
13608
13609
13610
13613
13614
13616
13617
13619
13620
13627
13628
13630
13632
13634
13640
13641
13643
13644
13645
13647
13650
13651
13652
13658
13665
13667
13669
13674
13678
13679
13680
13686
13687
13689
13691
13692
13693
13694
13697
13698
13703
13705
13707
13709
13712
13714
13716
13717
13718
13719
13721
13726
13727
13731
13732
13733
13740
13746
13748
13753
13758
13759
13760
13762
13763
13764
13765
13766
13767
13768
13769
13770
13771
13772
13773
13774
13775
13776
13777
13780
13781
13782
13785
13786
13787
13789
13790
13791
13792
13795
13796
13797
13799
13800
13801
13802
13804
13805
13810
13813
13816
13817
13818
13819
13820
13821
13823
13824
13826
13827
13829
13836
13837
13838
13842
13844
13851
13855
13862
13865
13868
13870
13872
13873
13877
13878
13880
13881
13882
13886
13887
13888
13890
13893
13898
13905
13906
13910
13914
13915
13916
13918
13919
13921
13924
13925
13926
13931
13932
13934
13935
13936
13939
13944
13946
13947
13948
13949
13951
13961
13962
13966
13969
13970
13971
13972
13974
13975
13977
13981
13986
13989
13991
13995
13997
13998
14000
14001
14002
14005
14007
14009
14010
14015
14016
14023
14024
14025
14030
14031
14032
14034
14042
14043
14044
14047
14050
14052
14054
14058
14059
14067
14069
14070
14073
14074
14075
14082
14087
14088
14089
14090
14092
14093
14094
14098
14100
14101
14103
14104
14105
14107
14109
14110
14112
14113
14114
14116
14118
14119
14122
14123
14125
14126
14128
14136
14139
14140
14142
14144
14145
14148
14152
14160
14161
14162
14163
14164
14165
14166
14167
14168
14174
14175
14178
14179
14180
14182
14188
14190
14193
14194
14198
14205
14207
14210
14212
14215
14219
14223
14224
14225
14226
14228
14229
14234
14236
14237
14238
14241
14242
14244
14247
14252
14253
14258
14259
14261
14262
14269
14274
14275
14279
14280
14286
14288
14290
14292
14293
14297
14298
14300
14301
14302
14305
14307
14308
14310
14312
14316
14318
14319
14323
14325
14326
14327
14331
14334
14336
14338
14340
14343
14344
14347
14348
14352
14354
14358
14361
14362
14366
14368
14369
14372
14374
14375
14376
14379
14382
14383
14386
14389
14393
14395
14396
14399
14400
14405
14409
14411
14413
14418
14421
14426
14428
14430
14432
14434
14435
14437
14438
14439
14448
14450
14451
14452
14453
14457
14459
14460
14462
14465
14469
14473
14475
14477
14479
14481
14483
14487
14488
14492
14494
14495
14499
14501
14502
14504
14506
14507
14510
14511
14515
14517
14518
14519
14521
14522
14524
14525
14526
14528
14530
14531
14532
14533
14537
14538
14539
14540
14543
14544
14549
14550
14551
14554
14555
14557
14561
14562
14564
14565
14568
14571
14572
14576
14577
14583
14584
14585
14586
14588
14589
14590
14594
14595
14597
14600
14601
14603
14605
14608
14609
14612
14613
14615
14616
14617
14618
14619
14620
14621
14622
14623
14624
14626
14627
14628
14629
14630
14631
14632
14635
14636
14638
14639
14642
14643
14645
14646
14647
14648
14649
14650
14651
14652
14654
14655
14657
14658
14659
14660
14661
14663
14664
14666
14668
14669
14671
14672
14673
14676
14680
14682
14685
14686
14688
14690
14692
14693
14694
14698
14700
14703
14704
14705
14707
14708
14709
14710
14712
14715
14716
14717
14720
14725
14726
14730
14731
14732
14733
14735
14737
14739
14741
14747
14750
14751
14754
14756
14760
14764
14770
14771
14776
14777
14780
14783
14784
14786
14789
14793
14795
14799
14801
14807
14808
14809
14817
14818
14820
14822
14823
14824
14825
14826
14827
14828
14830
14834
14835
14836
14837
14838
14839
14844
14847
14848
14850
14852
14855
14856
14857
14858
14860
14862
14863
14864
14865
14866
14868
14869
14870
14872
14873
14875
14877
14879
14880
14882
14883
14884
14885
14886
14888
14891
14892
14893
14894
14897
14899
14900
14901
14902
14903
14904
14905
14906
14908
14910
14912
14914
14916
14917
14918
14919
14922
14923
14925
14926
14928
14929
14930
14934
14935
14936
14937
14940
14943
14945
14946
14948
14951
14952
14953
14955
14959
14960
14961
14962
14963
14964
14966
14967
14968
14969
14970
14971
14972
14974
14975
14976
14977
14979
14980
14981
14982
14983
14986
14988
14989
14990
14991
14992
14995
15001
15004
15005
15006
15011
15012
15013
15016
15017
15018
15019
15020
15024
15025
15027
15029
15030
15034
15035
15036
15040
15043
15047
15049
15053
15059
15061
15062
15065
15066
15070
15071
15072
15074
15076
15080
15081
15085
15086
15097
15102
15103
15105
15108
15110
15111
15113
15114
15115
15119
15121
15123
15129
15131
15132
15133
15134
15135
15137
15138
15141
15143
15144
15146
15148
15150
15151
15152
15156
15157
15158
15159
15160
15163
15165
15166
15169
15170
15171
15172
15174
15175
15177
15178
15180
15181
15182
15183
15184
15187
15188
15191
15192
15194
15195
15196
15197
15199
15200
15201
15206
15207
15208
15211
15213
15214
15217
15219
15220
15221
15224
15225
15228
15231
15233
15234
15237
15238
15239
15240
15241
15242
15243
15244
15246
15249
15250
15251
15254
15255
15256
15258
15259
15260
15261
15262
15263
15264
15266
15267
15268
15271
15272
15273
15275
15276
15277
15278
15279
15280
15281
15282
15284
15290
15293
15296
15297
15298
15299
15301
15302
15303
15306
15307
15308
15309
15310
15314
15315
15316
15317
15321
15322
15324
15325
15328
15329
15330
15333
15334
15336
15337
15339
15340
15341
15342
15343
15344
15347
15348
15350
15352
15354
15355
15356
15360
15361
15364
15365
15367
15368
15373
15375
15377
15378
15381
15382
15383
15384
15386
15388
15391
15392
15394
15395
15398
15400
15401
15402
15403
15406
15408
15411
15413
15414
15415
15417
15418
15420
15422
15425
15426
15432
15433
15434
15436
15438
15443
15444
15446
15450
15451
15453
15455
15457
15460
15463
15464
15465
15466
15467
15468
15472
15476
15478
15479
15482
15484
15485
15486
15487
15491
15494
15500
15508
15509
15510
15516
15518
15519
15520
15521
15522
15523
15524
15526
15527
15528
15530
15531
15532
15535
15536
15537
15540
15541
15542
15543
15547
15548
15549
15551
15552
15553
15555
15556
15557
15559
15561
15565
15568
15569
15571
15572
15573
15574
15575
15576
15577
15578
15580
15581
15582
15583
15584
15586
15591
15593
15595
15597
15598
15601
15602
15608
15609
15612
15615
15616
15617
15619
15620
15624
15625
15627
15628
15629
15636
15638
15639
15640
15642
15643
15644
15646
15649
15650
15652
15653
15654
15655
15657
15660
15661
15667
15668
15669
15670
15671
15672
15675
15676
15682
15684
15687
15688
15689
15692
15693
15694
15700
15702
15706
15711
15715
15717
15718
15719
15724
15727
15733
15737
15743
15748
15750
15753
15757
15761
15763
15764
15765
15767
15771
15773
15774
15779
15780
15784
15785
15787
15788
15793
15794
15797
15798
15800
15801
15803
15804
15805
15806
15808
15809
15810
15814
15815
15816
15818
15819
15820
15821
15826
15828
15829
15830
15832
15835
15837
15838
15839
15840
15841
15842
15844
15845
15847
15849
15850
15854
15855
15857
15859
15860
15861
15862
15863
15864
15865
15868
15869
15870
15872
15874
15881
15882
15886
15889
15891
15892
15893
15894
15899
15900
15901
15902
15903
15905
15906
15907
15914
15916
15917
15918
15919
15922
15926
15927
15928
15932
15933
15935
15938
15940
15942
15943
15944
15945
15946
15948
15950
15951
15952
15956
15957
15958
15962
15964
15965
15967
15969
15971
15972
15977
15978
15979
15980
15981
15983
15984
15989
15991
15992
15993
15994
15995
15996
16001
16002
16003
16004
16005
16007
16008
16013
16019
16021
16024
16026
16027
16028
16029
16030
16031
16032
16034
16035
16037
16040
16041
16043
16046
16047
16049
16050
16051
16053
16056
16059
16060
16061
16062
16066
16068
16069
16071
16080
16081
16082
16083
16086
16087
16089
16091
16092
16093
16094
16096
16097
16098
16100
16101
16102
16103
16105
16106
16109
16110
16111
16113
16114
16116
16119
16120
16121
16124
16125
16128
16129
16133
16135
16136
16137
16138
16141
16142
16143
16145
16146
16147
16149
16150
16155
16156
16158
16161
16162
16164
16165
16167
16168
16169
16173
16175
16176
16177
16178
16180
16183
16184
16185
16190
16192
16193
16196
16197
16198
16199
16201
16202
16208
16214
16215
16217
16220
16224
16225
16226
16227
16229
16232
16234
16237
16238
16243
16244
16247
16249
16250
16252
16256
16257
16258
16261
16263
16264
16266
16267
16270
16271
16273
16274
16275
16276
16277
16278
16281
16282
16284
16288
16293
16294
16295
16297
16301
16303
16305
16307
16308
16309
16311
16314
16318
16321
16323
16326
16327
16328
16329
16330
16331
16333
16336
16337
16338
16339
16343
16345
16347
16348
16349
16350
16355
16356
16359
16363
16366
16368
16369
16370
16371
16372
16373
16374
16375
16376
16379
16384
16387
16389
16391
16392
16395
16396
16399
16400
16401
16402
16403
16404
16405
16406
16407
16408
16409
16410
16411
16412
16413
16414
16415
16416
16417
16418
16419
16420
16421
16423
16424
16425
16426
16427
16428
16433
16436
16444
16445
16446
16447
16448
16449
16450
16454
16456
16457
16458
16459
16460
16461
16462
16463
16464
16465
16466
16467
16468
16469
16470
16471
16472
16474
16477
16478
16480
16482
16487
16488
16489
16490
16491
16492
16493
16494
16495
16496
16497
16498
16504
16508
16511
16512
16515
16516
16517
16518
16521
16523
16528
16530
16531
16532
16534
16535
16539
16546
16552
16553
16555
16556
16560
16561
16562
16564
16566
16567
16569
16571
16574
16577
16578
16581
16584
16593
16595
16597
16598
16599
16600
16602
16604
16605
16607
16608
16609
16611
16612
16614
16616
16617
16618
16620
16622
16623
16624
16625
16626
16628
16629
16630
16631
16632
16635
16636
16637
16638
16639
16640
16642
16644
16645
16646
16652
16653
16654
16655
16659
16662
16663
16664
16668
16669
16674
16680
16685
16689
16690
16693
16695
16697
16699
16701
16702
16703
16704
16706
16707
16708
16712
16713
16714
16716
16718
16719
16720
16721
16722
16723
16724
16726
16727
16729
16730
16732
16733
16738
16741
16742
16743
16744
16746
16747
16751
16752
16753
16754
16756
16757
16759
16760
16761
16763
16764
16767
16768
16771
16772
16773
16774
16775
16776
16779
16780
16782
16783
16786
16788
16789
16790
16792
16799
16800
16801
16807
16814
16815
16816
16818
16819
16820
16822
16823
16825
16829
16831
16833
16834
16835
16836
16838
16839
16840
16841
16842
16843
16844
16845
16846
16847
16848
16849
16850
16852
16855
16856
16857
16862
16863
16864
16868
16871
16873
16875
16877
16879
16880
16881
16882
16883
16884
16892
16894
16895
16896
16897
16898
16899
16900
16903
16904
16905
16906
16907
16908
16909
16910
16912
16913
16914
16917
16920
16921
16922
16923
16924
16925
16927
16928
16929
16930
16931
16933
16935
16936
16937
16938
16940
16941
16942
16943
16945
16947
16949
16953
16955
16960
16965
16966
16968
16969
16970
16972
16973
16974
16975
16976
16977
16979
16981
16982
16983
16984
16985
16988
16990
16992
16993
16994
16995
16996
17003
17005
17006
17007
17009
17010
17013
17014
17017
17021
17022
17023
17024
17025
17028
17029
17032
17034
17037
17039
17040
17041
17042
17043
17046
17047
17048
17052
17056
17057
17058
17059
17060
17065
17066
17068
17069
17073
17076
17077
17078
17080
17081
17083
17085
17086
17088
17091
17092
17094
17095
17096
17097
17100
17101
17102
17104
17105
17106
17107
17108
17111
17117
17118
17119
17120
17124
17128
17129
17135
17139
17140
17141
17142
17143
17146
17148
17149
17150
17151
17152
17153
17155
17158
17161
17163
17164
17165
17167
17170
17173
17175
17176
17178
17179
17180
17181
17183
17185
17186
17189
17192
17194
17196
17198
17199
17200
17202
17204
17206
17207
17209
17210
17211
17212
17213
17214
17215
17217
17218
17222
17224
17227
17229
17230
17231
17233
17235
17236
17237
17238
17241
17242
17243
17244
17245
17246
17247
17248
17249
17251
17253
17254
17255
17257
17258
17259
17260
17261
17262
17263
17264
17265
17266
17267
17268
17269
17270
17271
17273
17274
17275
17276
17277
17278
17279
17280
17281
17282
17283
17284
17286
17287
17289
17291
17293
17295
17297
17298
17299
17300
17301
17304
17305
17306
17307
17308
17309
17311
17312
17314
17315
17316
17317
17320
17322
17323
17324
17325
17327
17329
17330
17331
17332
17336
17337
17338
17340
17341
17342
17343
17344
17345
17346
17349
17350
17351
17352
17353
17357
17358
17359
17362
17364
17367
17369
17370
17371
17373
17374
17375
17376
17379
17380
17381
17382
17384
17388
17389
17392
17393
17395
17396
17398
17402
17403
17404
17405
17406
17407
17409
17411
17412
17413
17414
17415
17416
17417
17418
17420
17422
17423
17424
17425
17428
17429
17430
17431
17432
17433
17434
17435
17436
17437
17439
17440
17441
17442
17443
17444
17445
17447
17449
17450
17451
17453
17454
17455
17456
17457
17459
17460
17461
17463
17464
17466
17467
17468
17469
17470
17471
17473
17474
17476
17477
17479
17480
17481
17482
17483
17485
17486
17487
17488
17490
17493
17494
17495
17496
17497
17500
17501
17502
17503
17504
17506
17507
17509
17510
17511
17513
17514
17515
17516
17518
17519
17520
17521
17522
17523
17524
17526
17528
17529
17530
17532
17533
17534
17540
17541
17542
17543
17544
17545
17546
17549
17550
17551
17552
17553
17554
17555
17556
17557
17558
17559
17561
17562
17563
17564
17565
17566
17567
17568
17569
17570
17571
17572
17573
17574
17575
17580
17581
17585
17586
17595
17596
17597
17599
17602
17603
17604
17606
17607
17608
17610
17611
17613
17614
17617
17618
17620
17622
17623
17625
17626
17627
17628
17629
17630
17631
17632
17633
17634
17635
17636
17637
17638
17639
17640
17641
17642
17643
17644
17645
17646
17647
17648
17651
17652
17653
17654
17656
17657
17658
17659
17661
17662
17663
17664
17666
17668
17669
17671
17672
17673
17674
17675
17676
17678
17680
17681
17682
17684
17686
17687
17690
17693
17696
17698
17699
17705
17706
17707
17709
17710
17711
17715
17716
17718
17719
17720
17722
17723
17726
17727
17728
17729
17730
17731
17732
17733
17736
17737
17738
17739
17741
17744
17745
17748
17751
17752
17754
17755
17756
17757
17758
17759
17762
17763
17764
17765
17768
17769
17770
17771
17772
17773
17774
17775
17776
17777
17778
17779
17780
17781
17782
17783
17784
17785
17786
17787
17789
17791
17795
17796
17798
17799
17803
17805
17806
17807
17809
17812
17813
17815
17816
17818
17819
17821
17822
17823
17824
17826
17829
17830
17831
17832
17833
17835
17836
17839
17840
17842
17844
17846
17847
17849
17850
17851
17852
17853
17856
17857
17862
17863
17865
17866
17867
17868
17869
17870
17873
17874
17877
17878
17879
17880
17882
17884
17885
17887
17888
17889
17891
17892
17893
17895
17897
17898
17900
17901
17902
17903
17905
17906
17907
17908
17909
17910
17912
17913
17915
17916
17917
17918
17919
17920
17921
17922
17923
17924
17925
17928
17929
17930
17931
17932
17933
17935
17937
17938
17939
17940
17941
17943
17944
17948
17949
17950
17952
17953
17954
17955
17956
17957
17958
17959
17960
17962
17964
17965
17966
17967
17968
17970
17971
17974
17975
17977
17979
17981
17982
17983
17984
17985
17986
17987
17988
17990
17992
17993
17994
17995
17997
17998
17999
18000
18001
18002
18003
18005
18006
18007
18008
18009
18010
18011
18012
18013
18014
18015
18016
18017
18018
18019
18020
18021
18022
18023
18024
18025
18026
18027
18028
18029
18030
18031
18032
18033
18034
18035
18036
18037
18038
18039
18040
18041
18042
18043
18044
18045
18046
18047
18048
18049
18051
18052
18053
18054
18055
18056
18057
18058
18059
18060
18061
18062
18063
18064
18065
18066
18067
18068
18069
18070
18071
18072
18074
18075
18076
18077
18078
18079
18080
18082
18083
18084
18087
18088
18089
18090
18091
18092
18093
18094
18095
18096
18099
18100
18101
18102
18103
18104
18105
18106
18107
18108
18109
18110
18111
18112
18113
18114
18115
18116
18117
18118
18119
18120
18121
18122
18123
18124
18125
18126
18128
18129
18130
18131
18132
18133
18134
18135
18136
18137
18138
18139
18140
18141
18142
18143
18144
18145
18146
18147
18148
18149
18154
18157
18158
18159
18160
18161
18163
18164
18165
18166
18167
18170
18171
18173
18174
18175
18176
18178
18180
18182
18184
18185
18186
18187
18189
18190
18191
18193
18194
18196
18201
18202
18203
18205
18206
18207
18208
18209
18210
18211
18212
18213
18214
18216
18217
18220
18226
18227
18228
18229
18230
18231
18232
18233
18234
18236
18237
18238
18242
18244
18246
18247
18249
18250
18251
18252
18253
18254
18255
18256
18257
18258
18259
18260
18261
18262
18263
18264
18266
18267
18268
18270
18271
18272
18273
18274
18275
18276
18277
18278
18279
18280
18281
18282
18283
18284
18285
18286
18287
18288
18289
18290
18291
18292
18295
18296
18297
18298
18299
18301
18302
18303
18304
18305
18307
18308
18309
18310
18311
18312
18313
18314
18315
18316
18318
18319
18320
18321
18322
18323
18325
18326
18327
18328
18329
18330
18331
18332
18333
18335
18337
18338
18339
18341
18342
18343
18344
18346
18347
18348
18349
18350
18351
18352
18353
18354
18355
18356
18357
18358
18359
18363
18364
18365
18366
18367
18368
18369
18372
18373
18374
18375
18377
18379
18381
18382
18383
18385
18386
18388
18389
18391
18392
18393
18395
18397
18398
18399
18400
18401
18403
18404
18405
18406
18407
18408
18409
18410
18411
18412
18413
18414
18416
18418
18419
18421
18422
18424
18425
18426
18427
18428
18429
18430
18431
18432
18435
18436
18437
18438
18439
18440
18442
18443
18444
18445
18446
18447
18449
18450
18451
18452
18453
18454
18455
18456
18457
18458
18459
18460
18461
18463
18465
18466
18469
18470
18471
18474
18475
18476
18477
18478
18480
18481
18482
18483
18484
18485
18487
18490
18491
18493
18494
18496
18497
18498
18499
18500
18503
18504
18505
18506
18507
18508
18509
18510
18511
18512
18513
18514
18515
18516
18518
18523
18524
18526
18527
18528
18530
18531
18532
18534
18535
18537
18538
18539
18541
18542
18543
18544
18545
18546
18547
18549
18551
18552
18553
18555
18556
18557
18559
18561
18562
18563
18564
18566
18567
18568
18569
18570
18571
18572
18573
18574
18575
18576
18577
18578
18579
18580
18582
18583
18584
18585
18586
18587
18588
18589
18590
18591
18592
18593
18594
18595
18596
18597
18598
18599
18600
18601
18602
18603
18604
18606
18608
18609
18610
18611
18612
18613
18614
18615
18616
18617
18618
18619
18620
18622
18623
18624
18625
18626
18627
18628
18629
18630
18631
18632
18633
18634
18635
18636
18637
18638
18639
18640
18641
18642
18643
18644
18645
18647
18648
18649
18650
18651
18652
18653
18654
18655
18656
18657
18658
18659
18660
18661
18662
18663
18664
18665
18667
18668
18669
18670
18671
18672
18673
18674
18675
18676
18677
18678
18679
18681
18682
18683
18684
18685
18687
18688
18689
18690
18691
18692
18693
18694
18696
18697
18699
18700
18701
18702
18703
18704
18705
18706
18708
18709
18710
18713
18714
18716
18717
18720
18721
18723
18724
18725
18726
18727
18729
18730
18731
18732
18733
18734
18735
18737
18738
18739
18740
18743
18744
18745
18746
18747
18748
18749
18750
18751
18752
18753
18754
18755
18756
18757
18758
18759
18762
18763
18764
18765
18767
18770
18771
18773
18774
18776
18777
18778
18780
18781
18783
18784
18785
18786
18787
18789
18790
18791
18792
18793
18794
18795
18796
18797
18798
18800
18801
18802
18803
18804
18805
18807
18809
18810
18811
18812
18813
18815
18816
18817
18818
18820
18821
18822
18823
18824
18825
18826
18827
18828
18829
18830
18831
18832
18833
18834
18835
18836
18837
18839
18840
18841
18842
18843
18844
18846
18847
18848
18849
18851
18854
18855
18856
18857
18858
18859
18860
18861
18863
18864
18865
18867
18868
18869
18870
18871
18872
18873
18874
18875
18876
18877
18879
18881
18882
18883
18884
18885
18886
18887
18888
18889
18890
18891
18892
18893
18894
18895
18896
18897
18898
18899
18900
18902
18903
18906
18907
18908
18909
18910
18911
18912
18913
18916
18917
18918
18920
18921
18922
18925
18926
18928
18931
18932
18933
18934
18935
18936
18937
18938
18939
18940
18941
18942
18943
18945
18947
18948
18950
18951
18952
18954
18955
18956
18957
18958
18959
18961
18962
18964
18965
18966
18967
18968
18969
18970
18971
18972
18974
18975
18976
18977
18978
18979
18981
18982
18983
18985
18986
18987
18988
18989
18990
18991
18994
18995
18996
18997
18998
19000
19001
19003
19004
19006
19007
19008
19009
19010
19011
19012
19013
19014
19017
19018
19019
19020
19021
19023
19024
19025
19026
19027
19028
19029
19030
19031
19032
19035
19036
19037
19038
19039
19042
19043
19044
19045
19047
19048
19049
19050
19051
19052
19053
19054
19055
19056
19057
19058
19059
19060
19061
19063
19064
19065
19066
19067
19068
19069
19070
19071
19072
19073
19074
19075
19076
19077
19078
19079
19080
19081
19082
19083
19084
19085
19086
19087
19088
19089
19090
19091
19092
19093
19094
19095
19096
19097
19098
19099
19100
19101
19102
19103
19104
19105
19106
19107
19108
19109
19112
19113
19115
19117
19118
19119
19122
19125
19126
19127
19128
19130
19131
19132
19135
19137
19138
19139
19140
19141
19142
19143
19144
19145
19146
19148
19150
19151
19152
19153
19154
19155
19156
19157
19158
19159
19161
19162
19163
19164
19166
19168
19169
19170
19171
19172
19173
19175
19177
19178
19179
19180
19182
19183
19184
19185
19186
19187
19188
19189
19191
19192
19194
19196
19197
19200
19201
19204
19205
19206
19207
19208
19209
19210
19212
19215
19218
19219
19220
19221
19223
19225
19226
19228
19230
19231
19232
19237
19239
19240
19241
19242
19245
19246
19247
19248
19249
19250
19251
19252
19254
19257
19258
19259
19260
19261
19264
19265
19266
19267
19268
19269
19270
19271
19272
19273
19274
19275
19276
19277
19278
19279
19281
19282
19283
19284
19285
19286
19287
19288
19289
19290
19291
19292
19293
19294
19296
19297
19298
19299
19300
19301
19302
19304
19307
19308
19309
19310
19311
19313
19314
19316
19317
19318
19319
19322
19323
19324
19325
19326
19327
19329
19330
19331
19332
19333
19335
19337
19338
19339
19340
19341
19342
19344
19347
19349
19350
19351
19352
